168.189,79.7589,0
167.56,59.6707,0
174.451,96.5266,0
170.442,65.8728,0
176.052,95.8132,0
181.841,102.048,0
177.495,88.7453,0
182.236,96.3656,0
172.998,93.2914,0
173.56,63.5912,0
172.142,49.4131,0
184.247,93.2659,0
187.359,83.0158,0
167.517,74.9782,0
177.306,105.69,0
178.011,99.2274,0
178.892,87.9933,0
189.05,109.442,0
169.289,88.0656,0
175.298,88.8382,0
178.007,88.1818,0
183.354,100.953,0
178.308,85.3157,0
171.578,66.1317,0
171.982,111.217,0
188.269,102.329,0
172.157,119.246,0
173.56,99.0518,0
179.16,100.7,0
168.995,91.3961,0
179.292,122.082,0
178.472,105.982,0
170.833,77.6657,0
172.01,86.263,0
179.663,96.3095,0
192.313,117.297,0
188.547,114.572,0
181.569,75.3664,0
167.29,79.7057,0
172.707,103.756,0
175.887,111.633,0
182.676,66.6078,0
163.219,76.9834,0
172.635,90.6051,0
180.575,103.715,0
165.8,99.0471,0
182.376,117.499,0
162.898,75.7824,0
179.499,88.6352,0
175.843,75.2532,0
179.151,84.0797,0
176.82,94.8255,0
175.057,106.736,0
183.447,101.929,0
171.779,77.8242,0
185.087,79.9213,0
172.603,88.5606,0
168.488,85.6069,0
174.441,52.2352,0
167.265,71.3625,0
169.365,100.873,0
173.383,110.732,0
179.346,80.022,0
169.175,86.5099,0
195.738,127.093,0
171.957,82.2619,0
182.151,74.8191,0
171.132,98.8396,0
177.082,101.887,0
175.206,103.301,0
176.755,63.2727,0
169.532,90.4893,0
168.184,115.553,0
177.517,80.712,0
176.525,84.4297,0
169.329,78.2334,0
177.771,107.825,0
172.686,104.902,0
183.266,97.0396,0
191.63,111.478,0
174.704,88.2728,0
163.607,69.4974,0
181.635,86.7904,0
178.42,110.995,0
171.678,91.2266,0
181.542,104.363,0
163.009,80.9977,0
194.247,84.0711,0
165.608,73.315,0
181.394,94.9329,0
170.815,82.7988,0
175.594,105.596,0
190.414,101.085,0
172.891,94.0731,0
172.289,62.4321,0
179.199,84.0344,0
176.738,73.7228,0
181.962,83.5391,0
178.897,96.062,0
179.946,90.0283,0
174.345,90.8773,0
185.316,90.9685,0
174.616,87.2668,0
172.209,64.6447,0
180.377,85.9406,0
178.256,81.6147,0
172.028,97.4341,0
182.059,86.4357,0
170.521,101.967,0
176.142,85.3825,0
181.879,83.6108,0
165.634,94.6774,0
183.612,103.274,0
188.834,85.3648,0
174.047,74.5964,0
173.68,80.8674,0
171.281,70.6871,0
186.572,90.4806,0
189.927,126.243,0
183.745,81.9829,0
166.788,80.6329,0
186.55,124.899,0
188.858,106.408,0
180.248,109.601,0
175.211,79.4337,0
185.085,104.934,0
171.75,79.6588,0
169.966,63.9629,0
164.315,74.3073,0
183.748,70.3496,0
181.521,111.17,0
178.803,109.878,0
183.778,121.824,0
169.662,81.6767,0
183.389,108.278,0
174.408,66.8774,0
183.321,103.358,0
183.797,120.337,0
180.531,77.2117,0
174.648,95.5807,0
182.695,70.6374,0
174.046,102.285,0
170.345,86.2288,0
171.191,79.1191,0
171.43,90.966,0
172.342,85.7455,0
169.358,92.8579,0
172.609,86.6322,0
180.774,95.2037,0
186.616,97.2961,0
161.157,63.3519,0
167.756,84.958,0
173.906,56.102,0
177.616,112.57,0
173.029,102.533,0
177.941,94.0964,0
178.578,92.8139,0
176.173,54.3323,0
176.993,78.1772,0
172.646,87.7422,0
181.342,85.1253,0
175.511,87.3929,0
180.518,99.8536,0
184.389,130.05,0
179.97,117.322,0
178.129,115.458,0
176.461,120.819,0
186.685,100.044,0
189.322,92.0766,0
186.765,98.4033,0
177.905,72.443,0
172.95,91.5239,0
173.717,106.475,0
178.061,72.8034,0
174.048,112.267,0
182.479,83.9327,0
174.87,68.7735,0
172.892,83.0453,0
178.387,77.8242,0
174.953,74.9848,0
182.788,68.3657,0
180.637,88.6285,0
183.871,97.3853,0
179.57,92.9455,0
171.266,98.005,0
176.735,93.473,0
179.898,98.4603,0
178.552,92.7718,0
181.321,75.5453,0
177.282,112.557,0
180.756,102.16,0
170.222,88.4885,0
179.29,107.775,0
174.543,52.9743,0
178.685,92.0845,0
164.672,86.1606,0
174.952,79.323,0
160.144,90.1985,0
175.017,84.6201,0
172.127,90.1035,0
174.323,87.0901,0
183.48,101.282,0
176.823,90.7498,0
180.011,83.9689,0
173.48,94.7992,0
179.016,101.559,0
180.274,102.241,0
171.4,87.8216,0
182.776,79.9831,0
173.2,87.2708,0
179.43,83.4223,0
173.44,89.3471,0
175.827,104.095,0
170.279,124.947,0
170.899,86.2596,0
175.433,74.4325,0
179.175,81.7486,0
178.76,65.1653,0
179.756,107.557,0
178.943,84.0665,0
173.445,92.4282,0
184.916,70.0347,0
172.672,75.4713,0
176.495,102,0
177.45,66.8076,0
169.857,82.81,0
189.469,106.217,0
169.023,63.9501,0
168.755,81.1518,0
184.17,89.4837,0
177.394,70.4323,0
171.396,95.5328,0
171.944,121.984,0
172.98,110.626,0
191.844,92.3269,0
180.822,92.9582,0
173.325,81.9675,0
175.236,92.7449,0
171.899,89.7299,0
176.501,102.665,0
183.322,74.878,0
175.063,57.7509,0
174.704,80.7254,0
188.582,104.668,0
174.79,71.6672,0
177.491,63.5213,0
172.007,78.0599,0
178.58,87.0255,0
170.735,97.7818,0
173.317,86.2929,0
173.125,73.634,0
171.084,70.0643,0
175.483,92.0741,0
170.307,100.262,0
186.417,100.253,0
177.485,82.4096,0
183.425,96.0207,0
171.587,99.8215,0
182.478,93.4077,0
183.394,92.1896,0
165.467,86.4541,0
175.773,109.844,0
181.692,108.293,0
179.904,81.3164,0
172.226,109.2,0
184.308,120.402,0
179.792,75.4112,0
174.607,71.2313,0
169.003,94.5998,0
172.635,104.79,0
174.039,70.95,0
176.92,90.5,0
187.388,113.783,0
170.091,71.8054,0
177.949,86.255,0
176.994,62.6164,0
172.863,72.4225,0
171.14,87.6721,0
174.526,100.451,0
174.082,88.5536,0
178.554,111.393,0
175.794,90.4249,0
169.07,91.0727,0
176.934,89.6302,0
173.698,75.294,0
177.793,81.2219,0
181.696,84.7875,0
173.573,84.2586,0
170.373,84.3194,0
174.049,77.919,0
179.383,84.1698,0
165.497,108.458,0
178.658,70.4281,0
183.933,75.1644,0
178.168,87.435,0
177.214,72.4885,0
188.605,107.894,0
170.637,87.1712,0
194.62,102.341,0
177.191,113.316,0
180.29,108.26,0
177.994,98.831,0
180.859,93.4058,0
174.211,106.555,0
172.76,102.988,0
187.864,90.1567,0
171.379,86.956,0
173.207,74.5597,0
185.86,84.7196,0
185.172,82.6567,0
179.87,82.321,0
167.727,97.2918,0
175.268,81.563,0
169.624,68.1117,0
180.342,92.972,0
179.617,78.4709,0
173.286,91.0694,0
192.053,114.696,0
174.5,86.7081,0
178.334,73.8871,0
180.623,90.4287,0
185.261,92.478,0
173.223,69.1523,0
183.582,117.98,0
178.226,90.9202,0
171.662,77.3469,0
170.224,97.904,0
173.277,104.518,0
176.461,109.471,0
167.883,61.4633,0
178.212,101.415,0
189.136,87.8775,0
167.685,80.2321,0
167.541,75.8098,0
176.755,96.9985,0
176.506,76.9194,0
178.964,87.359,0
177.484,82.876,0
174.765,88.5899,0
170.486,76.0739,0
171.508,71.7118,0
163.473,83.4092,0
175.672,64.6338,0
169.491,89.2202,0
181.594,81.3725,0
169.53,86.4153,0
170.13,87.6708,0
177.594,96.763,0
184.45,99.6211,0
182.925,109.902,0
175.382,64.1112,0
178.924,97.9504,0
182.421,121.388,0
180.919,101.756,0
183.69,111.674,0
178.048,87.0236,0
171.182,63.5935,0
180.341,89.9041,0
169.696,73.4093,0
196.676,83.1958,0
173.969,81.8617,0
187.174,84.6785,0
177.199,85.2437,0
181.088,98.6912,0
178.478,93.3582,0
180.533,45.2647,0
170.437,87.6849,0
174.47,82.1752,0
171.013,69.4447,0
181.909,96.5116,0
176.998,90.1885,0
167.301,76.0612,0
174.752,100.922,0
191.049,113.459,0
184.867,104.76,0
177.899,95.8588,0
178.277,70.1451,0
177.816,92.011,0
173.224,85.0632,0
178.612,95.2234,0
181.986,111.496,0
174.997,59.9413,0
173.523,75.2577,0
168.619,105.937,0
183.433,98.2117,0
180.825,81.0489,0
173.975,75.9416,0
187.206,88.5739,0
166.618,77.4736,0
170.209,65.9598,0
178.032,120.152,0
175.849,85.1153,0
167.687,84.1028,0
181.042,89.2541,0
173.72,100.845,0
178.203,94.6283,0
174.007,108.327,0
187.05,100.385,0
175.975,88.4026,0
182.027,104.117,0
177.738,91.3377,0
172.308,87.538,0
189.102,80.7937,0
184.514,62.4959,0
171.518,75.0231,0
179.989,112.304,0
175.96,95.3919,0
185.641,88.2692,0
164.335,86.1548,0
171.905,58.3185,0
185.585,102.922,0
167.932,89.7186,0
176.541,86.8246,0
176.064,108.446,0
187.001,117.145,0
178.318,89.2425,0
186.667,87.7846,0
187.012,93.7654,0
178.311,88.2796,0
173.773,91.8025,0
180.186,112.327,0
178.05,89.1344,0
165.625,94.0826,0
170.438,76.9745,0
181.639,107.192,0
178.535,86.1326,0
167.596,68.6949,0
183.431,96.5685,0
173.167,61.7892,0
175.999,99.5566,0
176.766,74.2097,0
166.819,69.3239,0
177.9,112.463,0
173.941,97.6321,0
181.281,83.982,0
178.234,86.5705,0
171.062,97.6441,0
183.64,98.1027,0
180.187,87.7989,0
192.04,97.1696,0
175.072,105.327,0
179.027,80.6062,0
172.768,98.8476,0
171.481,98.4577,0
172.988,57.9131,0
169.313,71.5458,0
186.946,135.709,0
172.141,85.4482,0
165.073,75.1218,0
178.766,79.4404,0
178.448,86.2608,0
178.21,84.1492,0
167.961,78.3955,0
186.134,93.3917,0
178.407,109.64,0
172.048,92.532,0
175.822,104.392,0
177.367,104.55,0
169.218,94.4989,0
169.82,88.2914,0
184.578,106.333,0
183.259,103.627,0
187.375,87.7885,0
176.865,105.728,0
173.118,95.0035,0
173.74,88.2373,0
169.306,83.0165,0
178.661,84.0834,0
176.763,105.696,0
174.042,116.56,0
177.812,120.919,0
174.633,75.6165,0
171.153,70.1808,0
180.105,74.838,0
179.472,102.018,0
171.835,63.0814,0
176.951,92.3434,0
172.984,86.507,0
174.99,110.494,0
174.154,105.474,0
177.28,87.133,0
171.077,86.0552,0
183.038,103.186,0
183.963,110.597,0
181.209,119.713,0
177.083,103.126,0
181.283,81.7193,0
167.682,91.6045,0
187.903,95.8826,0
183.255,112.79,0
177.541,95.7733,0
172.722,87.502,0
172.51,98.5708,0
178.052,79.6208,0
169.316,97.255,0
171.798,69.4988,0
164.377,75.4891,0
168.932,64.4181,0
183.258,100.373,0
187.566,96.0817,0
176.843,86.8109,0
168.441,83.1665,0
164.903,72.9037,0
170.663,63.463,0
180.815,98.2942,0
184.269,74.2111,0
177.262,89.7511,0
171.776,111.593,0
179.403,94.2523,0
180.423,91.8041,0
178.013,96.417,0
171.024,88.4525,0
180.79,99.3618,0
179.513,80.9187,0
175.319,95.61,0
173.497,60.2689,0
192.671,101.021,0
173.839,61.7353,0
176.367,79.0538,0
176.271,96.8651,0
182.043,92.9312,0
173.282,99.8293,0
161.24,83.7173,0
177.706,97.0769,0
168.456,93.8324,0
182.017,83.9743,0
165.517,78.2299,0
176.78,99.3215,0
171.016,99.0696,0
182.522,113.809,0
172.741,95.2478,0
185.673,64.3102,0
172.068,109.821,0
171.902,98.518,0
185.229,92.4105,0
171.066,76.1659,0
177.98,95.3626,0
180.758,91.4159,0
178.512,95.4537,0
182.063,109.057,0
181.311,99.3659,0
177.845,77.0822,0
193.389,106.735,0
174.528,85.4296,0
181.941,102.431,0
167.988,92.3654,0
179.402,95.62,0
157.149,82.9803,0
170.975,93.4607,0
176.207,87.24,0
171.494,92.6191,0
182.04,78.8294,0
176.384,99.9742,0
167.986,64.1549,0
168.733,80.9949,0
181.267,128.323,0
176.438,99.474,0
168.462,71.0728,0
177.641,64.6104,0
174.479,53.6169,0
172.318,81.4076,0
179.996,103.594,0
174.121,85.3263,0
177.235,112.002,0
183.036,79.1155,0
177.663,95.4524,0
174.408,114.966,0
167.466,90.9076,0
173.118,93.5742,0
182.733,71.9444,0
175.904,62.0495,0
179.847,92.7629,0
170.703,75.1048,0
178.649,59.6182,0
179.588,100.418,0
173.536,90.8425,0
184.763,119.847,0
182.771,86.1821,0
180.668,87.6354,0
172.506,103.733,0
179.348,94.9365,0
163.214,71.6935,0
172.531,98.2094,0
167.216,84.7563,0
180.286,79.0392,0
172.365,77.7802,0
165.218,98.1198,0
181.897,79.2718,0
188.036,101.322,0
181.076,95.6135,0
183.929,70.395,0
191.699,98.4707,0
175.552,93.4528,0
176.442,88.3841,0
168.881,73.4912,0
186.202,93.481,0
169.992,82.5412,0
183.639,70.2308,0
172.088,105.101,0
179.61,63.2446,0
175.298,100.672,0
175.841,100.275,0
176.629,115.759,0
180.685,108.59,0
180.058,99.4272,0
172.399,83.6558,0
182.476,106.432,0
174.764,102.583,0
161.011,77.7071,0
175.134,80.5324,0
173.177,90.0418,0
175.028,80.1283,0
168.574,77.0623,0
176.083,101.318,0
175.931,77.8806,0
172.405,75.2159,0
176.184,63.8003,0
173.37,90.9851,0
182.732,73.0625,0
180.818,95.2078,0
182.689,94.8578,0
184.132,92.8976,0
181.012,93.9273,0
178.62,100.702,0
171.94,84.6845,0
168.622,80.301,0
166.121,52.186,0
185.436,91.4399,0
174.034,94.4016,0
180.925,103.498,0
172.673,88.7154,0
175.728,73.9169,0
171.45,64.3629,0
177.995,86.0428,0
188.479,130.557,0
168.323,82.6951,0
169.284,88.3714,0
177.153,108.148,0
168.073,104.906,0
177.948,93.2764,0
175.454,98.5642,0
185.383,99.7649,0
184.573,87.7904,0
175.259,94.0109,0
185.269,84.9738,0
188.558,105.485,0
167.89,67.7598,0
168.989,86.7051,0
171.643,92.1787,0
182.694,102.013,0
164.167,85.5166,0
187.622,116.599,0
181.85,104.252,0
168.766,98.1735,0
163.531,76.8357,0
179.562,84.9797,0
171.843,90.7314,0
185.123,106.36,0
179.645,100.275,0
178.001,96.4692,0
166.395,100.361,0
180.62,84.7446,0
171.721,77.9181,0
171.528,103.656,0
187.64,75.8042,0
179.373,86.4246,0
180.613,90.9006,0
178.232,83.816,0
166.246,98.1082,0
173.341,101.237,0
180.864,102.72,0
176.687,96.5398,0
177.694,103.996,0
171.399,86.533,0
175.199,91.3713,0
173.018,68.0936,0
188.191,116.742,0
188.872,107.819,0
182.784,108.87,0
181.806,84.1253,0
168.255,58.0529,0
174.504,89.6842,0
178.731,86.7733,0
179.297,78.4435,0
173.257,93.9593,0
190.76,89.7549,0
177.185,86.304,0
190.052,91.7359,0
180.094,85.6351,0
173.503,111.399,0
182.722,107.068,0
171.208,100.447,0
176.415,94.2253,0
176.646,82.5709,0
176.726,87.5201,0
182.859,114.965,0
182.142,98.6873,0
171.663,92.158,0
175.483,74.1181,0
170.266,63.3592,0
175.561,108.708,0
164.231,50.9537,0
180.597,98.6521,0
183.273,79.5453,0
177.409,96.9467,0
177.723,87.9506,0
187.168,120.571,0
170.821,100.217,0
174.704,88.7376,0
176.13,77.0045,0
190.106,87.7331,0
174.592,73.2163,0
178.65,88.3276,0
175.856,79.6183,0
175.747,75.4733,0
173.792,78.6076,0
166.413,61.5773,0
170.003,68.8495,0
170.833,84.7831,0
178.902,115.757,0
179.211,95.2281,0
177.596,79.4425,0
170.887,89.9178,0
178.522,112.752,0
180.165,107.605,0
172.747,89.2624,0
185.711,61.9202,0
173.348,71.8371,0
174.225,66.3755,0
163.228,80.5379,0
168.916,104.158,0
172.105,103.047,0
178.599,95.833,0
171.332,70.8653,0
175.608,90.947,0
180.577,100.69,0
176.893,83.4039,0
182.275,116.647,0
179.412,105.499,0
173.914,91.7367,0
172.831,83.5707,0
171.734,56.385,0
182.291,112.003,0
178.915,100.515,0
168.239,88.818,0
185.159,75.0405,0
175.437,94.3456,0
174.619,84.035,0
179.034,93.2065,0
165.636,89.0893,0
178.9,76.5877,0
170.777,88.197,0
176.09,94.3646,0
185.729,130.994,0
171.843,84.805,0
174.541,62.432,0
175.898,71.0115,0
180.335,101.193,0
174.785,101.312,0
181.777,77.838,0
178.66,67.4937,0
185.327,81.5822,0
171.981,108.855,0
170.135,59.5995,0
182.262,126.262,0
186.505,115.035,0
173.711,82.8736,0
172.016,75.4886,0
162.748,45.7087,0
175.206,86.1505,0
174.345,81.8625,0
191.264,90.9816,0
172.253,74.0753,0
179.609,88.571,0
183.711,90.567,0
181.555,88.4564,0
175.566,91.0959,0
176.157,84.7735,0
168.191,61.1138,0
184.813,102.674,0
168.494,84.2752,0
172.466,62.3845,0
181.316,66.4766,0
176.719,89.2787,0
170.934,80.9596,0
184.148,91.4665,0
176.787,102.168,0
176.249,102.002,0
173.461,93.0215,0
175.183,76.7868,0
165.604,85.2014,0
175.536,109.758,0
183.379,86.9013,0
177.502,81.0735,0
182.888,96.2529,0
171.818,75.2018,0
171.377,67.203,0
179.928,85.7165,0
172.197,69.0851,0
188.81,95.6621,0
175.516,101.431,0
171.32,78.6343,0
176.901,90.9707,0
187.837,93.9663,0
175.172,85.516,0
175.209,94.4695,0
175.783,94.4982,0
179.396,98.9969,0
178.693,88.048,0
172.099,96.8278,0
174.739,101.728,0
184.63,117.447,0
174.433,89.2488,0
181.284,93.0925,0
184.173,91.1328,0
175.264,109.179,0
173.947,92.407,0
178.476,87.5875,0
180.364,83.5075,0
178.448,66.5131,0
177.619,95.4548,0
179.473,94.4904,0
174.983,123.241,0
174.814,93.8358,0
187.936,81.6714,0
176.144,76.6456,0
175.389,91.0139,0
174.363,85.4214,0
175.722,124.06,0
173.131,96.4333,0
173.407,76.6823,0
183.85,103.657,0
175.855,98.0085,0
176.17,99.4956,0
183.729,103.709,0
172.227,106.863,0
179.384,90.5975,0
172.419,93.8028,0
169.518,74.9083,0
191.142,129.37,0
176.479,106.874,0
178.684,75.5249,0
179.316,113.569,0
184.447,101.038,0
176.559,108.943,0
170.787,77.6026,0
175.965,81.9891,0
177.893,87.5484,0
174.534,64.5519,0
182.221,87.1272,0
165.952,105.764,0
166.594,85.3214,0
170.624,62.469,0
173.24,81.2508,0
174.44,97.3402,0
168.305,100.788,0
175.147,89.9926,0
176.295,82.5966,0
180.875,95.4771,0
181.928,81.3358,0
178.218,66.7181,0
180.865,79.8534,0
171.048,69.6893,0
175.46,112.669,0
176.275,109.698,0
180.546,101.302,0
171.07,73.6895,0
177.013,85.9869,0
169.264,79.0644,0
187.817,117.16,0
171.817,87.5131,0
179.993,101.536,0
184.695,108.25,0
176.369,96.595,0
164.669,86.2358,0
185.448,107.591,0
188.523,98.1054,0
177.023,90.6056,0
181.839,74.6474,0
169.744,100.401,0
174.621,94.387,0
176.87,103.123,0
188.529,93.9577,0
187.335,93.6946,0
174.931,63.1184,0
177.136,91.4209,0
177.667,93.0179,0
171.655,57.0718,0
171.855,98.5062,0
177.318,103.324,0
168.816,84.6225,0
168.068,74.3337,0
163.944,83.4893,0
174.892,92.4109,0
168.619,96.157,0
175.252,81.2652,0
169.917,106.243,0
172.657,75.0071,0
186.248,95.0788,0
167.393,86.3647,0
187.279,114.786,0
177.995,103.376,0
181.252,65.1467,0
174.079,109.61,0
179.833,85.2257,0
171.597,102.913,0
179.408,108.128,0
176.515,87.1803,0
175.303,73.4738,0
181.817,78.2414,0
167.149,76.0961,0
165.51,82.7247,0
173.19,100.62,0
174.864,88.1369,0
182.412,115.344,0
157.365,69.0261,0
180.724,70.5399,0
166.603,69.9349,0
168.586,60.8584,0
167.836,109.078,0
184.29,94.5408,0
178.263,89.4767,0
177.104,98.6162,0
176.19,79.9041,0
171.504,64.3187,0
183.178,100.888,0
185.967,83.7974,0
172.552,64.8106,0
185.703,80.1505,0
176.929,97.6748,0
183.287,90.4806,0
180.008,88.0986,0
181.381,89.3524,0
159.504,63.0688,0
170.14,95.1211,0
174.459,96.6275,0
180.849,108.583,0
182.29,92.0389,0
189.161,102.137,0
177.78,90.8781,0
166.192,74.0063,0
171.694,83.6031,0
163.057,75.5178,0
171.69,82.5042,0
187.182,127.67,0
168.251,104.197,0
171.449,55.248,0
165.788,83.4408,0
181.357,98.6698,0
174.509,109.533,0
180.006,96.8042,0
176.488,116.561,0
186.008,87.3329,0
177.34,78.5334,0
171.534,124.329,0
173.577,89.4811,0
174.661,78.4902,0
184.319,96.5234,0
181.68,76.322,0
172.194,82.6103,0
180.033,59.8928,0
178.481,116.869,0
189.616,119.355,0
172.275,100.73,0
179.544,80.9799,0
166.895,75.9208,0
169.508,82.7623,0
176.559,90.0603,0
176.774,109.502,0
185.695,75.3253,0
176.444,110.257,0
169.368,87.2261,0
174.843,88.7127,0
163.567,84.5971,0
170.395,70.334,0
174.721,71.3343,0
171.486,92.5016,0
185.186,100.819,0
182.06,108.497,0
165.21,99.4775,0
168.888,49.2394,0
178.08,95.4603,0
173.722,79.9778,0
173.445,69.4417,0
174.208,87.6308,0
180.023,81.278,0
179.592,95.052,0
172.025,69.4624,0
167.409,99.1576,0
169.235,84.6964,0
171.272,88.1913,0
169.934,78.9551,0
173.989,91.3952,0
173.727,86.9249,0
180.98,93.5604,0
177.892,64.6439,0
181.709,94.5614,0
176.046,105.986,0
180.2,80.2326,0
183.515,63.5804,0
173.714,85.8213,0
175.892,98.36,0
182.776,90.2975,0
185.09,96.1195,0
176.713,81.8991,0
173.393,88.1253,0
162.202,76.7092,0
181.213,106.555,0
181.196,122.597,0
178.205,106.442,0
177.779,107.798,0
188.886,102.305,0
170.362,95.089,0
186.918,113.25,0
162.955,77.9135,0
167.11,100.384,0
179.181,79.2614,0
171.015,114.225,0
169.331,97.9684,0
172.675,93.3668,0
175.144,87.2156,0
194.075,124.858,0
174.234,98.7748,0
173.475,106.493,0
181.43,99.0031,0
171.664,83.5974,0
178.318,95.8611,0
189.849,111.162,0
168.715,58.8254,0
174.129,98.7441,0
183.434,116.516,0
176.719,67.0811,0
185.28,100.314,0
181.788,115.484,0
181.803,89.192,0
177.607,86.4945,0
177.202,84.1645,0
176.692,86.2957,0
168.908,91.0974,0
190.891,58.7824,0
183.354,91.5461,0
177.529,88.2997,0
172.441,99.8749,0
181.443,119.578,0
176.496,94.2907,0
182.15,68.2865,0
172.811,88.783,0
180.628,110.365,0
183.232,120.206,0
174.265,65.8885,0
178.712,104.512,0
177.807,113.146,0
176.108,109.621,0
171.615,75.689,0
178.973,111.603,0
174.909,88.7436,0
194.326,137.211,0
169.57,69.3446,0
169.556,75.9156,0
165.574,75.2781,0
170.929,87.4,0
162.733,80.7598,0
166.136,98.3278,0
172.422,78.6142,0
171.651,96.5779,0
173.049,108.765,0
187.028,94.49,0
174.622,74.0214,0
180.058,108.068,0
176.557,94.9326,0
166.458,98.7613,0
175.903,124.768,0
178.342,103.123,0
168.698,84.3069,0
167.149,88.9399,0
179.808,84.5107,0
172.693,88.9103,0
188.087,83.0856,0
175.847,105.186,0
181.82,115.492,0
176.032,111.08,0
170.098,73.5626,0
183.487,122.391,0
172.76,73.5245,0
176.755,88.2566,0
174.529,88.1213,0
178.103,95.5078,0
164.26,115.471,0
179.924,89.1896,0
170.99,86.3744,0
165.667,74.0936,0
185.816,82.0784,0
185.241,100.712,0
179.831,104.336,0
181.796,78.2277,0
163.78,67.9998,0
166.792,72.9867,0
168.086,78.0133,0
173.786,83.8086,0
163.981,75.5011,0
176.945,105.08,0
177.298,97.7207,0
174.909,64.1711,0
178.323,91.5593,0
178.493,94.3465,0
171.656,65.8049,0
170.442,99.9718,0
173.727,101.964,0
170.999,96.0463,0
177.04,99.3089,0
176.419,90.7902,0
177.722,79.0589,0
187.819,109.429,0
171.398,86.3432,0
181.39,97.3255,0
180.181,117.639,0
171.716,92.1887,0
178.082,101.771,0
179.587,88.2514,0
174.639,95.2173,0
168.966,112.448,0
186.314,90.1878,0
180.275,83.6454,0
181.779,54.8838,0
175.81,84.5592,0
184.299,114.808,0
164.649,71.5498,0
164.991,83.1598,0
180.205,82.946,0
183.048,89.269,0
174.733,93.6057,0
176.028,101.031,0
179.374,98.405,0
169.476,73.3728,0
179.697,122.703,0
169.217,89.3066,0
170.944,46.2293,0
176.482,103.067,0
174.746,107.731,0
178.782,84.2222,0
169.205,72.9011,0
175.608,91.0058,0
169.807,95.6135,0
186.753,104.209,0
176.998,107.559,0
183.782,102.409,0
169.829,105.679,0
167.983,55.4533,0
188.27,97.612,0
168.327,90.333,0
166.845,86.282,0
178.673,110.578,0
176.912,67.1375,0
182.388,99.8445,0
173.727,85.5007,0
175.56,92.1103,0
167.895,99.5502,0
170.509,81.693,0
186.01,102.135,0
174.39,78.9408,0
166.138,77.8445,0
174.446,75.1039,0
169.718,74.6816,0
172.637,83.7749,0
162.409,81.7429,0
173.716,71.9091,0
176.304,92.4919,0
178.251,82.1952,0
167.707,92.965,0
180.627,86.7255,0
179.772,89.0515,0
176.77,105.06,0
172.557,93.2458,0
182.796,87.5656,0
165.027,78.1149,0
180.695,95.6021,0
183.337,121.999,0
171.086,54.0378,0
172.743,108.742,0
173.294,71.8842,0
174.138,66.7919,0
174.147,90.111,0
180.349,75.6052,0
177.884,79.4119,0
163.622,70.9738,0
170.949,91.7984,0
184.464,92.0618,0
170.261,71.8004,0
176.763,99.9868,0
167.177,68.0125,0
166.051,65.8197,0
180.181,93.2398,0
180.209,101.964,0
178.792,98.5565,0
174.35,76.0303,0
153.991,76.9788,0
174.929,86.7101,0
177.168,84.3837,0
170.159,85.9998,0
172.823,82.1998,0
179.174,76.5039,0
166.852,85.7281,0
173.199,70.7076,0
177.283,62.505,0
168.612,82.5574,0
174.947,88.5032,0
171.338,63.8148,0
168.292,62.9994,0
172.253,72.9675,0
179.943,106.782,0
182.931,109.902,0
184.155,99.0406,0
180.929,91.9037,0
174.851,89.7175,0
179.623,92.2316,0
171.99,58.8573,0
161.509,77.7454,0
176.753,73.8239,0
181.796,86.3203,0
174.226,97.1507,0
174.182,88.5311,0
183.934,102.538,0
170.963,83.9479,0
178.563,86.3401,0
168.471,92.1822,0
186.33,122.39,0
175.657,103.403,0
175.564,102.805,0
165.356,82.4848,0
180.249,95.0558,0
176.996,98.015,0
183.208,106.973,0
187.175,113.535,0
177.854,105.153,0
177.151,107.866,0
179.5,88.7516,0
173.594,99.1759,0
165.854,56.4382,0
172.943,69.0948,0
181.385,108.024,0
176.861,92.0414,0
184.04,80.5916,0
163.506,67.8524,0
174.239,90.1959,0
170.807,64.5794,0
166.106,74.0865,0
172.089,97.963,0
166.67,76.8684,0
175.896,94.2855,0
177.177,103.674,0
180.324,67.5287,0
171.921,83.3795,0
171.293,81.2224,0
180.52,101.006,0
177.491,125.679,0
185.016,120.211,0
178.329,98.6085,0
181.975,68.0674,0
192.583,124.528,0
181.78,90.8084,0
182.902,122.717,0
184.145,95.2001,0
181.199,90.4551,0
180.972,101.193,0
185.486,119.63,0
182.38,91.1159,0
183.437,85.3038,0
184.3,130.502,0
165.929,73.9611,0
182.822,102.883,0
179.115,79.4601,0
177.89,99.4066,0
185.832,118.827,0
171.544,59.3665,0
170.937,65.2533,0
168.093,81.5167,0
184.912,102.335,0
171.78,95.3748,0
179.885,107.004,0
189.668,81.353,0
176.386,89.8537,0
179.387,87.7862,0
178.462,114.407,0
183.036,92.3767,0
177.143,97.6068,0
176.279,70.3685,0
183.975,96.3472,0
175.661,71.5576,0
182.632,114.204,0
171.626,71.5578,0
170.786,71.5438,0
169.081,88.3241,0
177.275,92.1267,0
171.635,70.2857,0
180.642,119.603,0
180.176,82.1353,0
177.545,110.219,0
174.581,87.2558,0
169.937,79.3085,0
179.694,108.344,0
180.928,82.9518,0
179.756,101.579,0
185.701,104.56,0
170.032,68.5637,0
179.256,105.103,0
165.243,71.7471,0
165.547,86.7883,0
173.486,90.0814,0
180.837,83.6975,0
173.497,70.2496,0
178.452,97.7449,0
179.806,107.535,0
179.034,111.246,0
179.112,96.422,0
185.176,133.978,0
172.238,89.2768,0
183.042,98.4229,0
180.873,107.223,0
181.972,92.0985,0
168.604,74.5018,0
173.975,67.5913,0
180.271,82.139,0
186.903,104.039,0
170.809,87.3332,0
170.631,81.8457,0
187.654,87.5493,0
176.497,63.4248,0
178.615,97.8064,0
167.612,80.0817,0
171.932,82.3313,0
171.222,103.115,0
174.828,103.938,0
174.943,53.1251,0
165.041,78.0513,0
172.541,62.0157,0
172.286,69.8145,0
182.242,118.009,0
180.845,67.4223,0
171.474,92.1422,0
170.401,87.0439,0
174.33,107.179,0
174.749,98.3084,0
181.429,126.233,0
173.07,78.3303,0
166.706,73.2767,0
170.015,72.2529,0
185.795,79.8124,0
184.016,98.5847,0
175.566,64.4809,0
164.078,70.4165,0
159.572,76.1342,0
166.265,84.7219,0
178.924,66.6906,0
177.9,71.6064,0
188.609,75.9927,0
170.414,83.4107,0
176.352,104.16,0
174.559,88.3891,0
177.169,83.3574,0
178.707,92.938,0
173.057,111.836,0
177.464,80.265,0
160.89,34.2204,0
179.624,62.9923,0
180.794,109.727,0
173.964,77.3375,0
175.91,81.4052,0
178.241,112.997,0
191.326,111.747,0
173.038,79.9841,0
175.897,83.4957,0
167.956,64.8604,0
175.837,94.6505,0
172.985,88.7771,0
167.967,69.3361,0
170.843,88.1988,0
174.975,94.4297,0
172.099,103.214,0
171.933,120.545,0
171.828,75.8758,0
183.462,100.034,0
179.384,106.824,0
177.36,113.925,0
173.177,98.2775,0
176.496,112.214,0
181.493,89.6181,0
178.892,76.2012,0
176.679,91.8074,0
175.111,93.1469,0
176.183,72.2489,0
182.274,76.2405,0
185.068,101.381,0
184.247,111.264,0
174.756,89.4951,0
189.931,96.9102,0
174.768,80.0913,0
177.756,91.0626,0
182.25,93.8804,0
180.674,84.6801,0
166.532,98.6916,0
173.842,82.3251,0
179.816,88.4518,0
174.781,87.1832,0
180.206,107.687,0
183.417,105.6,0
185.714,67.8604,0
175.43,82.3402,0
178.218,85.6343,0
175.183,77.4226,0
172.422,111.654,0
187.227,101.71,0
182.679,110.163,0
178.698,91.846,0
171.551,82.0689,0
175.563,97.8936,0
165.216,74.83,0
170.09,94.3801,0
174.417,110.143,0
180.218,74.6825,0
181.71,82.1674,0
183.855,98.7268,0
181.585,95.9191,0
171.634,82.2164,0
184.669,83.3903,0
186.909,82.4594,0
180.728,116.322,0
180.25,97.5883,0
175.852,83.684,0
174.051,74.0693,0
177.581,101.604,0
181.06,100.65,0
181.612,112.905,0
182.183,87.8681,0
176.632,94.5274,0
182.089,129.557,0
168.875,89.1992,0
179.258,105.09,0
178.387,68.7346,0
155.498,84.5391,0
177.678,88.2362,0
175.352,91.9504,0
173.159,106.25,0
190.115,110.521,0
173.446,84.287,0
161.665,67.6089,0
180.6,88.4465,0
174.542,98.9835,0
189.153,88.2797,0
179.636,91.644,0
172.748,112.996,0
169.155,93.4924,0
177.493,64.0183,0
178.888,94.8148,0
184.559,91.2147,0
178.601,95.9694,0
178.555,58.3775,0
174.825,100.83,0
166.601,82.4874,0
177.076,94.3644,0
180.779,108.131,0
169.107,95.1079,0
190.897,92.0991,0
170.943,54.0413,0
176.312,100.086,0
180.809,105.665,0
189.948,87.4765,0
170.168,103.049,0
170.073,64.2992,0
178.166,101.265,0
189.285,87.3024,0
175.34,83.1463,0
167.104,86.5332,0
170.248,82.6986,0
175.277,76.1152,0
171.257,98.5546,0
172.775,79.5211,0
179.152,75.2067,0
168.312,75.6957,0
177.048,84.0551,0
164.846,79.0366,0
179.689,96.7347,0
181.654,110.801,0
176.579,67.2114,0
177.963,86.9559,0
188.936,77.5809,0
169.116,93.7896,0
177.005,93.9819,0
160.884,58.7031,0
180.129,79.0333,0
169.146,85.1621,0
174.15,71.478,0
177.004,101.383,0
182.451,85.8815,0
179.504,82.5861,0
176.761,69.4575,0
173.804,80.2212,0
183.128,132.431,0
180.174,100.746,0
168.322,77.7767,0
162.754,57.7029,0
182.113,71.7829,0
166.25,79.831,0
179.184,106.595,0
179.878,109.76,0
174.768,71.0483,0
179.138,86.632,0
177.81,92.4091,0
169.905,99.0435,0
185.582,67.0014,0
173.249,87.2692,0
184.175,91.4511,0
171.863,90.2234,0
184.69,88.2544,0
172.727,89.1956,0
176.812,94.3919,0
187.847,78.0621,0
178.98,78.7781,0
180.03,93.3599,0
177.616,72.5027,0
171.514,80.4567,0
160.699,71.0676,0
172.758,62.9282,0
174.079,72.8301,0
181.544,97.1779,0
156.611,61.3785,0
172.585,86.002,0
168.412,87.45,0
170.813,85.0629,0
177.431,75.013,0
175.452,61.7807,0
173.016,80.568,0
184.44,62.2755,0
176.436,66.7505,0
179.843,102.695,0
173.828,60.0435,0
186.393,108.517,0
178.341,74.5664,0
174.487,90.9082,0
167.505,75.3235,0
169.331,92.0336,0
174.781,77.0702,0
183.982,104.514,0
171.653,92.4714,0
166.263,57.7251,0
186.493,75.9401,0
172.861,64.4027,0
171.832,92.7825,0
171.254,81.9067,0
179.907,74.0571,0
168.921,55.226,0
174.783,84.8219,0
177.292,87.1912,0
181.903,76.8407,0
175.519,87.4045,0
179.6,79.4123,0
177.899,91.0195,0
183.619,82.8604,0
173.587,95.7312,0
181.732,93.701,0
183.313,102.07,0
180.082,60.7894,0
173.535,112.481,0
175.688,63.5861,0
172.46,87.9687,0
177.957,94.862,0
172.944,105.58,0
166.158,78.1577,0
182.738,89.0555,0
168.87,89.2965,0
190.152,133.962,0
180.638,103.491,0
174.801,94.3578,0
178.644,75.1621,0
173.347,79.5119,0
176.383,81.2693,0
172.386,81.6886,0
183.325,110.821,0
167.863,72.8182,0
178.84,101.846,0
164.471,69.1209,0
178.197,116.752,0
184.561,121.866,0
169.333,77.8699,0
174.379,70.5517,0
179.411,97.1452,0
175.687,67.3836,0
171.157,88.9912,0
175.52,94.6878,0
176.218,73.5587,0
157.642,76.7758,0
183.357,93.2154,0
173.411,84.7325,0
172.19,90.4937,0
168.493,54.9921,0
170.358,88.1095,0
165.102,76.3609,0
176.607,97.9484,0
191.5,61.3914,0
181.732,115.282,0
176.413,77.486,0
179.978,84.2101,0
175.41,61.9721,0
184.462,122.907,0
183.13,87.7567,0
187.206,94.886,0
177.113,102.911,0
180.404,92.0763,0
190.022,120.618,0
173.49,88.3165,0
173.057,89.9665,0
173.994,59.3257,0
173.87,105.692,0
186.123,97.2531,0
171.341,72.9855,0
177.485,96.666,0
176.664,77.109,0
181.159,74.5242,0
171.315,96.4251,0
177.261,87.3614,0
172.001,90.9877,0
179.022,89.7725,0
162.69,71.351,0
169.271,63.3691,0
180.82,96.4062,0
166.306,84.0372,0
175.809,74.4021,0
166.514,89.9832,0
185.54,108.869,0
174.601,83.4015,0
169.677,75.9933,0
177.151,100.497,0
176.836,88.9811,0
170.816,88.9161,0
177.781,87.6574,0
174.758,51.9769,0
171.685,83.285,0
176.566,85.947,0
183.65,100.143,0
180.984,107.827,0
171.957,96.6283,0
179.015,65.2962,0
174.462,80.0073,0
169.925,84.3959,0
181.861,91.7893,0
188.165,99.745,0
173.471,85.3872,0
174.335,96.8195,0
173.338,84.4602,0
182.03,62.5516,0
177.763,85.7727,0
173.336,114.908,0
171.744,79.4021,0
180.644,102.432,0
170.513,70.4048,0
171.634,85.0829,0
162.949,72.0696,0
178.344,108.84,0
174.466,112.56,0
177.72,98.0312,0
175.435,109.949,0
184.48,100.872,0
187.981,81.3785,0
179.495,84.5032,0
173.989,89.9128,0
179.259,107.291,0
178.69,71.1825,0
188.52,103.521,0
179.602,90.9402,0
168.21,75.8561,0
172.966,85.3418,0
171.03,76.3871,0
182.899,91.156,0
171.291,117.198,0
176.607,69.9708,0
177.555,108.591,0
173.425,87.4574,0
168.511,89.1357,0
179.329,104.757,0
169.24,88.5832,0
171.665,77.8805,0
175.26,80.2456,0
173.112,87.0211,0
182.69,81.9768,0
174.917,72.637,0
177.638,80.5319,0
175.044,90.5726,0
174.094,95.5879,0
174.28,54.6627,0
176.481,100.949,0
180.255,104.347,0
170.686,102.691,0
171.458,77.2562,0
182.794,104.866,0
168.306,57.1701,0
167.856,84.8932,0
167.18,85.0944,0
173.524,90.704,0
189.495,94.7297,0
173.837,120.565,0
184.77,131.366,0
174.678,90.6329,0
174.39,115.185,0
183.885,101.081,0
189.933,85.488,0
171.488,76.4842,0
170.963,78.6693,0
189.86,110.311,0
175.373,91.9251,0
166.01,85.3214,0
181.762,85.9418,0
167.533,94.3164,0
180.931,86.616,0
175.269,92.066,0
172.039,100.615,0
183.521,108.84,0
175.19,64.979,0
184.22,109.632,0
171.614,77.027,0
180.357,90.8291,0
177.249,72.9278,0
169.389,82.8075,0
168.673,83.1863,0
172.903,108.778,0
168.494,75.4489,0
180.31,88.3988,0
168.093,68.7321,0
178.465,131.865,0
188.71,97.9935,0
181.57,94.9777,0
167.44,78.0491,0
171.492,74.1133,0
180.422,70.6902,0
160.14,70.4482,0
179.305,89.8573,0
182.975,120.207,0
179.079,86.6867,0
173.701,106.459,0
165.931,65.3201,0
177.192,100.001,0
181.705,89.5562,0
183.841,112.847,0
183.91,100.141,0
182.319,92.5743,0
182.67,122.176,0
171.933,127.045,0
190.127,132.446,0
179.292,113.45,0
173.372,68.0104,0
184.296,72.5737,0
177.088,103.57,0
172.255,82.8576,0
176.369,90.7511,0
185.3,115.837,0
172.296,108.507,0
183.866,93.4144,0
180.493,101.333,0
184.599,77.428,0
174.747,82.2277,0
167.994,94.8372,0
174.904,77.6364,0
176.202,94.099,0
169.312,102.217,0
172.562,56.3196,0
179.312,111.319,0
184.368,84.4652,0
165.477,68.1239,0
180.047,94.0564,0
184.31,97.3938,0
174.605,121.252,0
177.504,102.357,0
173.043,102.65,0
170.273,80.3243,0
177.344,88.8971,0
176.219,83.6112,0
174.843,82.8254,0
172.969,104.665,0
171.404,88.5453,0
163.021,81.0005,0
178.05,97.0104,0
174.401,106.653,0
180.704,106.826,0
166.923,71.0913,0
189.736,82.6811,0
181.89,100.309,0
182.727,110.555,0
174.129,73.1475,0
178.236,104.72,0
181.327,92.8538,0
169.984,77.9105,0
178.974,97.7851,0
170.257,73.2368,0
173.087,74.4612,0
192.073,111.862,0
173.297,83.1918,0
173.574,83.8154,0
183.139,103.256,0
176.088,95.0279,0
178.772,79.7247,0
164.352,71.4708,0
177.526,90.377,0
186.702,121.81,0
174.69,90.1422,0
169.99,97.5617,0
172.047,84.9906,0
170.948,83.7581,0
169.434,95.2393,0
168.743,85.7681,0
178.749,99.9086,0
182.52,127.536,0
168.839,63.7399,0
172.026,94.1147,0
173.318,92.6693,0
175.266,54.1814,0
176.299,107.2,0
177.906,104.009,0
182.601,88.4325,0
180.258,114.531,0
165.398,77.7851,0
174.311,91.6894,0
186.315,87.7471,0
170.795,91.1224,0
173.389,84.5562,0
174.782,91.8723,0
180.381,127.8,0
174.971,91.5756,0
177.702,91.7956,0
173.95,110.736,0
168.843,74.5175,0
177.258,95.2796,0
176.913,66.1868,0
178.252,97.399,0
173.087,93.0112,0
183.745,100.501,0
169.315,98.8938,0
179.296,84.6432,0
167.692,101.263,0
174.805,84.651,0
183.8,123.172,0
178.626,88.9076,0
178.526,95.789,0
170.589,64.8089,0
174.296,102.005,0
169.336,74.4764,0
176.787,95.0354,0
167.957,72.1831,0
180.583,116.353,0
176.008,96.5115,0
178.68,96.4269,0
173.615,88.1659,0
177.178,85.1826,0
183.028,95.5298,0
181.21,93.1954,0
173.326,89.456,0
174.179,75.4429,0
175.257,96.1012,0
181.048,117.818,0
177.588,91.062,0
168.566,93.2703,0
171.45,95.5501,0
174.324,91.5875,0
172.173,73.0609,0
170.239,79.8913,0
175.511,82.5897,0
176.305,108.586,0
185.355,112.729,0
181.891,90.3536,0
180.723,103.014,0
175.564,84.6332,0
169.611,89.8796,0
172.008,94.9327,0
174.549,59.4493,0
163.628,76.6959,0
182.292,88.7856,0
178.461,84.3405,0
180.944,103.025,0
166.592,78.1591,0
185.672,88.4475,0
186.525,103.435,0
180.173,96.3825,0
189.881,116.817,0
173.547,77.9275,0
177.4,87.2297,0
178.805,99.6874,0
176.826,102.147,0
186.801,117.336,0
175.426,93.178,0
170.336,88.8688,0
178.142,118.225,0
177.538,85.2577,0
163.479,109.399,0
189.908,94.4397,0
168.4,102.001,0
177.623,89.1209,0
173.345,101.094,0
175.938,87.865,0
185.493,123.672,0
178.523,130.075,0
175.661,91.8186,0
164.244,68.9831,0
166.68,70.3639,0
165.943,80.792,0
179.214,89.8945,0
181.737,86.719,0
177.304,86.3244,0
181.929,99.2759,0
179.255,101.386,0
174.418,97.1698,0
179.346,104.596,0
169.59,52.9873,0
178.903,85.9745,0
179.541,106.641,0
183.389,93.6709,0
165.055,78.1551,0
183.416,111.114,0
184.819,74.6038,0
177.021,106.917,0
190.002,110.691,0
168.465,47.6423,0
173.957,108.128,0
178.743,130.585,0
164.683,68.884,0
187.136,108.746,0
175.031,109.592,0
188.201,109.101,0
181.489,64.7641,0
172.938,93.6448,0
166.827,70.3461,0
175.897,115.6,0
187.055,119.454,0
178.641,92.7031,0
172.968,92.8401,0
179.033,92.3119,0
168.127,85.5856,0
180.5,103.112,0
189.813,87.0764,0
172.537,70.8374,0
179.574,75.3626,0
171.484,99.7638,0
181.449,76.5156,0
182.287,89.9904,0
168.421,70.9829,0
171.287,99.5684,0
179.321,83.2209,0
177.758,70.0672,0
169.852,81.0349,0
176.092,103.548,0
173.466,95.1246,0
182.722,110.695,0
185.378,96.2898,0
190.458,114.784,0
183.102,105.501,0
173.704,87.2032,0
179.793,96.7689,0
183.899,71.7503,0
177.565,99.7976,0
172.086,89.6992,0
170.854,99.5595,0
172.488,93.2169,0
178.423,62.3421,0
185.956,102.873,0
173.827,80.5969,0
183.48,71.2584,0
176.312,91.2439,0
176.973,109.131,0
177.375,82.9296,0
166.703,61.3091,0
164.458,74.9649,0
182.582,86.5438,0
170.021,79.2477,0
183.285,111.856,0
172.558,85.5722,0
176.412,103.381,0
179.404,87.6928,0
178.14,116.49,0
184.241,108.917,0
172.924,67.5081,0
174.117,91.1317,0
174.255,95.4559,0
167.211,63.9228,0
184.359,115.299,0
176.937,103.585,0
184.484,88.0874,0
193.623,100.823,0
173.451,80.3628,0
179.053,101.362,0
177.623,128.295,0
171.908,99.5767,0
175.325,94.7859,0
174.64,92.4001,0
170.152,76.5898,0
184.472,79.7591,0
181.098,82.9432,0
184.024,99.0917,0
166.602,70.9802,0
178.225,89.5394,0
169.643,111.319,0
182.432,114.674,0
162.204,66.2648,0
182.2,92.5741,0
175.07,104.723,0
167.969,72.2044,1
173.759,94.4255,1
157.672,64.6831,1
165.441,86.1696,1
164.267,72.7288,1
161.042,29.8617,1
159.432,77.7626,1
172.482,83.6741,1
161.266,92.7325,1
173.567,88.4614,1
166.999,78.9167,1
165.303,103.431,1
164.49,69.2649,1
161.219,82.0463,1
167.245,56.26,1
162.235,94.769,1
159.739,72.1691,1
172.595,45.2787,1
165.582,71.7171,1
165.139,68.1618,1
169.835,84.9314,1
175.947,72.4613,1
164.42,79.8712,1
157.292,94.1487,1
164.459,95.8882,1
157.976,71.7226,1
158.741,111.514,1
157.495,64.4161,1
169.806,81.5688,1
168.22,68.9471,1
165.596,95.59,1
164.526,86.6137,1
173.918,68.4121,1
164.84,68.6059,1
165.972,109.934,1
172.929,128.403,1
153.262,43.128,1
158.769,67.6719,1
157.073,62.2966,1
170.545,107.717,1
170.149,99.2036,1
151.491,64.3099,1
160.331,82.7718,1
155.994,75.5332,1
177.457,77.7225,1
172.463,103.758,1
162.966,82.7325,1
169.05,62.6923,1
149.002,43.8121,1
159.964,70.3895,1
163.216,65.6016,1
166.581,78.596,1
177.012,94.4302,1
171.506,89.2017,1
157.123,82.6985,1
169.874,89.2506,1
169.103,49.3029,1
167.84,90.7305,1
174.487,90.9827,1
167.248,71.3627,1
164.907,57.5478,1
161.064,91.3965,1
165.348,44.3726,1
155.487,48.9142,1
159.328,56.4004,1
166.98,82.5422,1
161.584,57.9914,1
159.758,66.0142,1
159.096,94.599,1
160.684,85.4662,1
171.986,82.193,1
153.342,61.981,1
156.94,47.6903,1
174.172,121.523,1
168.895,81.5114,1
167.551,66.8972,1
159.272,73.7221,1
163.01,87.4408,1
160.698,78.9226,1
165.248,86.5027,1
167.451,92.3864,1
157.564,90.206,1
156.448,49.5573,1
155.134,77.9408,1
159.771,77.3506,1
163.698,65.8771,1
156.443,53.9593,1
168.298,68.5001,1
163.39,56.3379,1
161.735,54.6209,1
158.485,70.7416,1
161.765,92.619,1
164.135,51.4956,1
163.636,83.2932,1
162.713,49.4406,1
161.704,67.2924,1
166.975,49.093,1
158.124,55.5206,1
169.805,106.534,1
156.6,75.1073,1
160.69,87.1995,1
167.955,60.1885,1
165.627,77.3604,1
155.574,56.8107,1
169.235,93.0411,1
172.392,87.4253,1
161.141,98.9601,1
168.825,65.5638,1
163.97,88.6296,1
161.318,74.1263,1
154.915,66.973,1
153.096,83.8122,1
163.026,50.3123,1
153.461,69.9148,1
181.834,103.204,1
157.618,45.963,1
157.205,46.9237,1
159.81,67.9581,1
159.884,67.1544,1
165.342,95.419,1
170.44,79.8666,1
159.811,70.9714,1
151.736,83.5933,1
161.334,66.9818,1
160.007,62.4684,1
163.053,70.5693,1
163.684,91.9777,1
166.85,48.0024,1
155.711,42.1303,1
165.847,46.5395,1
170.008,62.536,1
160.883,71.652,1
160.363,56.0251,1
160.758,70.3146,1
163.003,49.0756,1
164.38,62.5851,1
163.153,93.4996,1
166.343,94.0891,1
158.181,57.3165,1
160.922,104.292,1
162.787,97.4181,1
163.759,89.5833,1
162.078,82.7994,1
166.033,70.6037,1
159.082,72.7888,1
162.657,62.0173,1
163.974,51.178,1
154.658,57.1644,1
154.695,96.1684,1
165.674,69.1904,1
160.5,87.3409,1
155.252,84.4083,1
179.786,117.055,1
172.447,126.167,1
164.35,81.592,1
181.861,107.956,1
167.324,18.3455,1
159.019,50.4645,1
164.82,89.1432,1
170.698,83.4108,1
163.488,94.0781,1
161.944,87.2147,1
155.79,82.8706,1
165.649,93.0587,1
166.156,63.4287,1
169.681,89.4355,1
163.957,85.2123,1
164.64,53.6955,1
156.027,57.2842,1
160.539,58.6968,1
154.611,60.4463,1
159.474,51.2765,1
165.126,45.003,1
155.711,57.5782,1
168.559,73.7634,1
162.435,82.2123,1
173.995,106.036,1
161.069,93.0194,1
155.024,68.012,1
166.992,83.0331,1
168.429,93.2868,1
163.804,82.2029,1
167.706,61.2475,1
163.972,60.8687,1
157.492,46.8899,1
168.615,91.074,1
171.139,76.1003,1
173.782,74.8764,1
160.069,61.5834,1
163.983,76.7692,1
162.488,85.5929,1
166.205,81.0414,1
161.118,52.2259,1
163.683,84.2417,1
173.989,63.9606,1
164.929,101.883,1
165.509,78.5973,1
163.733,65.9376,1
152.674,65.8207,1
158.702,79.3775,1
165.526,75.3289,1
156.003,80.6796,1
156.845,43.74,1
168.752,53.3119,1
170.642,35.7802,1
159.159,106.713,1
160.624,70.5943,1
163.208,84.6444,1
172.617,106.691,1
162.635,55.5183,1
157.505,56.5397,1
162.87,87.3433,1
160.068,87.9501,1
163.566,80.2659,1
161.859,82.0541,1
161.695,91.1508,1
165.861,77.8077,1
162.064,77.4948,1
158.899,88.5438,1
166.609,92.7891,1
168.706,54.1631,1
160.154,95.1541,1
170.326,46.0031,1
160.749,60.5327,1
156.273,92.3061,1
161.456,105.517,1
163.454,86.5438,1
163.995,75.8879,1
157.664,78.9707,1
158.98,39.3134,1
163.213,85.468,1
162.876,95.1225,1
153.393,79.2092,1
167.223,83.1603,1
161.615,72.1073,1
160.101,67.0654,1
174.759,107.129,1
152.428,48.3385,1
159.776,58.7503,1
165.122,19.6841,1
155.701,77.1602,1
170.432,94.7034,1
164.241,92.6813,1
162.492,101.475,1
160.96,58.6765,1
168.043,61.363,1
170.514,90.0792,1
171.179,73.7196,1
158.579,50.7581,1
158.469,79.7859,1
156.458,71.5201,1
161.119,56.4683,1
168.951,71.2233,1
158.501,69.0794,1
156.702,48.6426,1
162.129,89.1103,1
164.985,85.8019,1
153.09,48.9209,1
156.378,52.5655,1
159.672,53.9681,1
168.151,95.2781,1
168.028,112.127,1
158.067,68.9424,1
161.583,24.0248,1
163.993,88.9689,1
164.603,50.6992,1
153.642,62.9729,1
161.12,79.1405,1
156.82,62.2365,1
162.85,82.0424,1
158.779,62.8292,1
161.331,54.1791,1
161.077,78.073,1
158.441,100.487,1
163.494,80.4551,1
169.837,74.4664,1
153.698,63.4413,1
160.104,75.6544,1
163.856,63.1346,1
161.984,81.6411,1
171.732,81.7163,1
159.925,66.6876,1
162.898,101.916,1
165.536,104.127,1
162.548,86.4667,1
150.006,70.0525,1
162.309,104.621,1
160.433,78.3781,1
155.025,44.4128,1
165.081,72.1036,1
170.745,61.4927,1
161.214,71.1347,1
164.217,93.5726,1
163.882,69.9743,1
160.175,59.3498,1
169.035,89.875,1
152.888,44.9984,1
156.906,43.5166,1
166.025,51.1535,1
177.38,89.2173,1
162.854,41.238,1
160.216,40.3868,1
168.196,98.4485,1
153.801,46.2122,1
167.115,70.2476,1
168.655,56.3478,1
164.196,88.9689,1
161.059,76.5172,1
153.686,83.7495,1
163.17,97.691,1
160.179,98.3485,1
163.872,80.2705,1
168.702,109.345,1
167.957,86.6239,1
151.038,82.9529,1
169.104,99.3523,1
167.161,97.9388,1
168.118,62.645,1
159.727,82.5389,1
166.579,82.1508,1
165.969,84.046,1
166.61,67.3864,1
165.754,88.0054,1
159.902,25.2923,1
161.202,74.1854,1
164.414,86.6518,1
171.924,57.948,1
158.17,83.4158,1
150.986,75.9332,1
163.174,74.423,1
162.358,61.117,1
168.891,70.7385,1
166.435,67.9759,1
161.413,62.9582,1
166.711,90.5683,1
167.634,73.7305,1
159.085,77.3897,1
165.931,94.9667,1
158.667,45.266,1
171.159,71.7977,1
160.243,102.84,1
162.831,76.4396,1
164.157,99.7441,1
165.306,74.0933,1
162.632,75.1503,1
154.639,58.6941,1
167.094,70.9384,1
159.412,66.5941,1
165.651,46.4729,1
166.865,76.4324,1
156.816,70.5428,1
159.278,76.1805,1
170.37,106.407,1
163.836,82.2412,1
163.451,82.643,1
157.653,78.9903,1
167.109,75.5631,1
163.767,63.8488,1
161.807,104.821,1
167.11,89.5281,1
157.427,73.6947,1
156.26,92.687,1
170.041,130.604,1
173.634,125.121,1
160.506,91.5186,1
163.667,61.4,1
167.685,63.3161,1
157.851,81.4758,1
170.306,87.2821,1
161.038,65.3699,1
163.778,75.9955,1
168.113,64.6905,1
159.044,67.205,1
180.163,101.786,1
169.512,108.633,1
161.544,91.6159,1
162.645,72.0633,1
161.775,76.2271,1
171.078,59.0215,1
174.512,85.1215,1
157.376,72.8232,1
165.979,65.3907,1
156.426,13.5496,1
160.74,100.309,1
166.531,89.8392,1
157.808,63.5305,1
171.027,88.4507,1
167.556,59.7226,1
154.035,54.0362,1
171.291,97.4555,1
165.834,87.4481,1
166.424,56.1648,1
172.51,96.5402,1
161.743,41.8424,1
165.071,54.9916,1
162.589,88.0773,1
160.773,83.4383,1
167.025,73.7957,1
165.03,84.4657,1
154.304,66.6571,1
164.163,72.443,1
166.846,71.9689,1
164.054,58.1789,1
160.278,70.7306,1
165.024,93.6823,1
166.224,71.5682,1
162.847,77.031,1
158.984,78.69,1
160.412,63.1579,1
158.449,64.1899,1
173.334,88.3329,1
167.06,83.7227,1
164.734,68.1492,1
158.582,59.6621,1
161.52,62.1135,1
158.507,62.0794,1
163.585,94.2223,1
168.03,50.2725,1
161.655,87.9676,1
165.946,78.4266,1
159.379,61.3565,1
161.03,93.4824,1
161.68,74.5296,1
150.447,39.395,1
157.692,59.4431,1
169.686,69.0924,1
170.134,99.8845,1
160.882,66.2846,1
171.311,77.5339,1
163.518,83.8262,1
169.445,77.459,1
164.626,75.7701,1
162.129,45.3576,1
162.001,91.925,1
180.576,92.9049,1
150.915,56.2635,1
160.271,54.9375,1
156.411,91.2463,1
160.292,65.4751,1
160.627,88.8429,1
159.194,58.7055,1
165.045,94.227,1
162.898,73.2418,1
157.541,81.738,1
160.151,86.1245,1
168.191,80.3023,1
162.326,85.3054,1
159.143,80.5935,1
158.782,101.21,1
168.346,89.6415,1
173.938,70.6072,1
165.905,59.6852,1
164.303,80.2894,1
162.932,61.1751,1
153.26,62.4449,1
167.986,108.294,1
166.3,85.9548,1
168.004,74.0742,1
160.87,56.5972,1
176.17,67.3608,1
159.016,43.1778,1
170.509,117.1,1
162.446,99.2146,1
166.475,65.8323,1
163.073,51.3176,1
165.42,92.2975,1
163.478,99.7117,1
158.662,69.0003,1
168.748,65.9646,1
164.714,82.4231,1
163.219,51.468,1
159.808,83.4795,1
160.585,62.5501,1
170.524,60.2805,1
168.65,84.5594,1
162.942,83.8103,1
159.851,64.0132,1
161.891,66.2054,1
161.869,46.4586,1
155.648,65.7003,1
163.405,51.0921,1
163.202,108.573,1
172.588,87.1143,1
166.681,79.5812,1
163.273,81.0727,1
159.161,58.012,1
180.908,78.6645,1
172.994,111.155,1
169.106,53.0572,1
169.893,69.1642,1
161.413,57.7538,1
164.739,75.7502,1
168.058,74.5565,1
163.056,104.803,1
164.351,78.0274,1
160.173,88.8018,1
159.437,88.7293,1
159.66,75.9278,1
167.152,115.636,1
165.78,93.3218,1
166.911,66.0154,1
165.77,84.5896,1
167.936,61.3082,1
157.727,72.2509,1
163.983,113.479,1
156.902,64.2252,1
165.816,76.0414,1
165.49,86.313,1
158.26,82.3897,1
172.311,65.7999,1
175.628,58.618,1
161.623,84.3604,1
161.78,42.9173,1
167.363,63.9733,1
172.192,84.1471,1
162.794,55.3778,1
159.526,78.0197,1
166.107,87.5139,1
165.417,76.5656,1
171.899,96.6564,1
155.518,70.5322,1
157.382,71.5035,1
155.049,52.0104,1
167.926,82.2446,1
162.218,70.3612,1
163.51,48.5095,1
171.923,72.6317,1
159.471,57.7544,1
162.025,61.5305,1
157.76,74.4931,1
164.411,73.4692,1
156.261,54.4098,1
160.433,58.3758,1
156.72,69.8467,1
157.688,62.3034,1
166.083,111.587,1
165.098,60.4462,1
160.874,64.8447,1
173.968,71.6639,1
162.961,97.8081,1
170.205,109.847,1
163.591,99.2965,1
162.225,51.2302,1
158.536,78.832,1
163.405,46.9841,1
154.92,64.3019,1
165.294,79.1235,1
165.538,62.5522,1
167.865,44.6998,1
171.956,94.491,1
165.417,79.9399,1
161.205,60.0116,1
171.113,76.4805,1
157.834,67.1944,1
159.636,70.6345,1
165.828,117.385,1
153.231,67.854,1
166.02,69.0076,1
169.377,82.2305,1
161.494,69.5017,1
163.892,90.8679,1
179.737,90.0887,1
155.504,79.6155,1
158.767,71.1153,1
173.538,96.1185,1
154.62,49.4247,1
164.822,54.1099,1
158.485,71.6332,1
164.708,70.0903,1
169.073,53.0605,1
163.034,64.2681,1
161.078,97.9213,1
172.471,49.9147,1
162.876,51.5755,1
164.977,77.2058,1
166.252,81.873,1
158.578,75.511,1
159.827,74.0085,1
160.759,71.585,1
165.929,72.0918,1
154.079,68.7143,1
164.246,67.4372,1
172.637,89.2442,1
165.593,63.3427,1
163.444,43.1782,1
163.633,62.4161,1
153.677,53.192,1
165.41,64.5211,1
169.515,71.2579,1
169.781,61.0313,1
155.847,72.6939,1
157.846,79.1489,1
154.226,54.6774,1
149.635,51.9941,1
159.783,65.8634,1
161.983,65.4927,1
165.989,83.252,1
170.331,63.0443,1
163.947,58.0207,1
162.363,73.1787,1
170.941,73.3017,1
171.255,79.9184,1
154.433,99.4132,1
159.632,42.9951,1
166.462,86.7171,1
167.833,82.9613,1
164.957,40.7761,1
163.302,77.3696,1
164.579,95.7419,1
169.793,69.2255,1
158.955,64.3672,1
168.442,62.498,1
159.564,58.9781,1
173.269,76.3454,1
166.235,57.2234,1
163.147,62.2985,1
145.998,70.9434,1
165.44,67.6041,1
170.952,90.0259,1
163.613,51.9667,1
168.836,84.4362,1
152.822,36.2164,1
167.076,80.3798,1
171.917,91.4771,1
168.073,95.4976,1
166.569,88.4784,1
170.414,92.3587,1
167.777,68.4235,1
157.991,62.7306,1
162.305,46.9571,1
174.064,114.984,1
167.665,96.6322,1
162.546,57.6596,1
162.533,104.787,1
163.245,70.8235,1
165.353,70.4303,1
161.578,95.1979,1
157.155,78.4985,1
166.011,61.1023,1
163.105,53.7336,1
165.989,75.4439,1
170.149,61.4235,1
161.795,49.529,1
158.9,73.3682,1
165.201,59.1996,1
172.361,82.8154,1
166.449,91.0968,1
166.238,66.2494,1
170.665,74.4966,1
161.702,57.2957,1
169.007,63.6967,1
161.249,69.7042,1
164.595,44.4679,1
164.007,75.2046,1
158.201,74.9829,1
164.412,71.0399,1
154.279,96.0325,1
164.457,72.9301,1
163.632,66.1202,1
160.199,63.6935,1
168.909,77.6716,1
157.538,68.4885,1
167.035,45.8828,1
169.645,90.6796,1
154.731,42.7708,1
166.569,96.3209,1
157.47,111.506,1
157.453,83.3083,1
152.18,58.8921,1
159.864,58.8673,1
163.129,111.047,1
173.185,48.644,1
162.811,61.5922,1
165.763,77.1872,1
168.972,52.8509,1
159.564,90.6526,1
169.468,123.547,1
176.939,81.7392,1
171.434,67.3025,1
163.721,78.0745,1
168.588,73.8151,1
169.386,106.064,1
162.025,62.6381,1
173.709,73.1056,1
156.028,69.3356,1
162.33,54.9461,1
160.897,86.255,1
166.535,53.8475,1
158.9,75.361,1
166.321,44.023,1
158.852,88.524,1
159.798,63.5627,1
165.022,80.1084,1
156.619,61.0691,1
171.763,68.1746,1
163.597,74.2054,1
159.862,79.0571,1
161.47,70.8833,1
162.753,65.7959,1
159.59,83.1881,1
169.83,56.8108,1
159.839,100.132,1
157.485,100,1
160.901,62.0883,1
162.29,65.6857,1
160.738,77.3414,1
168.037,98.8081,1
159.47,81.3664,1
158.777,86.2076,1
159.865,70.1138,1
174.628,89.6649,1
168.744,70.6732,1
176.441,72.7453,1
164.573,82.1593,1
157.139,69.9438,1
167.654,62.2476,1
161.72,74.0434,1
160.438,57.6732,1
165.978,56.7646,1
154.516,65.9903,1
155.59,47.4446,1
163.189,69.9109,1
164.133,58.9889,1
161.853,77.4367,1
167.335,57.8191,1
161.761,94.8781,1
166.216,51.3673,1
165.559,96.2016,1
160.575,40.628,1
172.911,100.348,1
163.408,76.4434,1
159.6,58.2409,1
165.48,83.3756,1
158.915,56.3191,1
156.385,67.2736,1
160.267,77.3751,1
170.012,67.0435,1
160.621,86.908,1
153.014,51.9744,1
166.639,82.0414,1
160.182,83.4919,1
173.538,76.3842,1
174.265,102.185,1
165.205,64.6251,1
162.512,72.5426,1
162.989,110.031,1
161.822,89.5533,1
162.946,46.1495,1
164.579,75.0494,1
160.958,64.9126,1
163.489,75.6719,1
167.331,114.58,1
160.392,68.6198,1
167.061,82.6127,1
163.425,76.8847,1
165.169,72.0999,1
165.346,78.8849,1
162.248,79.2374,1
160.606,61.5213,1
162.289,71.6056,1
162.472,86.5575,1
158.348,85.4573,1
171.417,75.8091,1
168.868,97.4128,1
158.838,102.534,1
171.037,88.7212,1
175.157,116.02,1
167.635,63.5081,1
165.675,63.8919,1
155.226,71.4707,1
160.736,67.414,1
175.388,66.1267,1
159.478,83.1789,1
166.676,70.9706,1
170.194,85.2559,1
153.779,63.5434,1
158.364,69.4568,1
163.024,42.435,1
154.096,73.7992,1
150.33,41.0157,1
170.433,64.7473,1
171.626,50.7044,1
162.979,41.995,1
160.671,95.9444,1
162.978,59.69,1
160.486,70.8348,1
170.827,79.6162,1
166.89,78.5282,1
166.976,57.58,1
162.264,35.4238,1
168.63,56.8258,1
178.26,102.84,1
159.243,65.6995,1
162.103,83.2122,1
170.491,60.0516,1
164.918,80.436,1
159.253,104.561,1
157.526,67.8724,1
163.481,58.2235,1
162.008,58.7515,1
162.614,73.5185,1
165.997,103.667,1
166.39,72.2721,1
153.436,44.9225,1
167.268,76.0328,1
159.98,63.4095,1
155.452,66.5033,1
167.275,69.7696,1
155.94,57.6093,1
163.952,69.3314,1
169.642,114.333,1
165.573,49.6818,1
165.296,93.9789,1
167.053,96.1941,1
168.306,90.6784,1
158.208,96.7302,1
158.144,69.1103,1
164.6,102.766,1
159.641,72.286,1
162.626,67.6297,1
160.368,36.978,1
165.705,65.8451,1
154.89,46.9275,1
164.767,64.6443,1
159.746,82.8734,1
162.23,65.9466,1
161.836,68.3498,1
162.528,81.9187,1
164.734,92.4452,1
166.829,37.0808,1
173.976,69.1855,1
164.857,62.0408,1
161.93,86.3993,1
157.394,79.762,1
155.962,79.3925,1
149.025,87.1707,1
158.951,67.9324,1
166.282,60.7717,1
161.225,91.375,1
166.442,69.7653,1
177.468,91.8693,1
157.827,90.7473,1
161.489,87.8247,1
159.628,89.3674,1
168.314,77.9213,1
168.835,95.6739,1
163.578,103.142,1
156.795,52.5093,1
153.747,52.401,1
160.469,100.646,1
168.614,75.6272,1
167.203,89.2149,1
158.536,79.3761,1
155.253,87.0585,1
168.124,77.8456,1
166.964,85.0122,1
162.124,45.7686,1
156.596,68.9782,1
168.835,76.7303,1
159.949,49.3654,1
164.123,86.6886,1
156.136,44.9376,1
167.994,48.9342,1
159.156,84.3843,1
157.894,69.8226,1
165.639,48.7873,1
162.703,69.2652,1
153.074,50.1249,1
161.575,65.2408,1
160.548,79.8202,1
153.932,54.2685,1
167.189,80.6277,1
164.145,63.3381,1
156.968,72.9006,1
166.506,74.9816,1
174.627,88.593,1
157.139,72.046,1
152.576,52.4839,1
169.913,92.7286,1
161.956,88.4864,1
163.25,66.2582,1
164.892,94.4509,1
168.429,97.4809,1
165.996,68.6557,1
160.195,73.977,1
165.21,89.3291,1
162.921,58.787,1
164.689,85.7131,1
167.717,82.2155,1
165.756,70.9113,1
159.632,77.772,1
161.519,51.4615,1
174.013,64.1183,1
155.534,69.4158,1
159.607,75.1758,1
166.471,63.5899,1
161.426,109.283,1
161.243,54.2098,1
169.753,69.3227,1
165.82,49.0683,1
157.669,88.7968,1
158.186,54.8892,1
165.306,39.5161,1
155.054,75.9199,1
157.145,85.2042,1
158.859,78.3617,1
158.745,73.0235,1
152.112,62.2229,1
159.312,76.5715,1
163.613,112.897,1
153.119,59.7783,1
161.417,77.6667,1
156.59,77.7193,1
165.735,99.4239,1
165.011,59.6729,1
163.252,67.5166,1
165.16,77.3532,1
157.258,69.9943,1
154.532,69.2345,1
163.11,77.9745,1
168.042,74.5824,1
157.741,84.9542,1
153.522,78.9316,1
164.779,82.1321,1
160.087,92.1896,1
169.656,75.778,1
155.701,81.5269,1
159.184,99.3538,1
149.679,66.4944,1
163.033,43.339,1
165.623,102.009,1
166.727,69.524,1
159.638,82.7111,1
162.404,89.7946,1
163.098,105.958,1
177.29,76.7004,1
161.352,79.966,1
158.203,87.6268,1
154.921,75.1573,1
166.768,71.3788,1
155.25,51.015,1
163.726,56.1225,1
165.694,67.2504,1
171.607,55.24,1
167.608,80.3989,1
159.196,73.1304,1
168.104,94.6641,1
161.409,90.1962,1
165.686,70.0457,1
161.326,66.8606,1
161.474,75.6277,1
165.015,56.8009,1
164.632,46.0698,1
166.041,68.0856,1
154.712,57.3664,1
162.289,72.2402,1
161.287,83.713,1
162.667,68.1238,1
167.291,74.355,1
160.355,69.6674,1
164.905,67.1745,1
154.456,65.4248,1
158.287,51.8185,1
162.198,96.0775,1
168.828,114.964,1
163.391,71.9023,1
164.903,95.5673,1
166.567,75.8518,1
161.278,67.1225,1
160.05,54.0129,1
174.91,96.8108,1
162.61,78.8946,1
159.546,64.0719,1
156.689,77.6019,1
156.155,68.1528,1
161.532,83.5504,1
155.224,52.7861,1
166.671,59.6563,1
169.027,65.0921,1
162.333,68.214,1
170.024,94.308,1
161.232,93.3139,1
170.251,81.3394,1
160.404,49.0944,1
169.726,59.6682,1
154.721,58.273,1
153.443,88.6726,1
161.98,77.7654,1
172.968,100.313,1
161.706,58.2077,1
159.623,58.4968,1
160.21,85.4965,1
170.06,78.7415,1
162.072,88.3973,1
159.124,73.0898,1
166.254,79.8153,1
168.462,93.2091,1
156.199,64.8965,1
153.24,47.7066,1
167.857,62.6352,1
169.6,102.046,1
163.464,48.1142,1
168.019,97.3135,1
157.646,47.2319,1
154.703,61.9516,1
153.44,52.1331,1
163.16,77.3745,1
159.01,104.048,1
159.07,48.3311,1
160.332,73.1516,1
160.811,80.6633,1
163.508,77.5335,1
161.026,69.3655,1
165.24,98.4348,1
160.871,72.8517,1
162.781,86.4933,1
168.258,80.2689,1
155.546,65.5687,1
157.643,88.9007,1
160.61,79.8328,1
162.909,89.091,1
166.441,77.5902,1
166.935,70.8927,1
163.595,54.2619,1
162.096,95.0941,1
164.56,85.5959,1
164.196,55.1357,1
156.905,90.662,1
161.415,86.4348,1
158.614,94.378,1
159.312,77.1385,1
161.262,65.169,1
158.562,89.1968,1
161.304,74.7865,1
165.798,83.0585,1
166.722,96.6479,1
160.749,86.9168,1
175.007,116.193,1
164.732,44.2923,1
166.823,63.9798,1
160.721,58.6013,1
167.289,88.797,1
164.577,65.995,1
173.173,50.7468,1
162.586,82.6384,1
168.423,84.716,1
163.744,74.9489,1
159.176,73.6816,1
163.474,74.1305,1
162.488,80.075,1
160.533,67.6984,1
165.822,82.0159,1
160.371,84.8932,1
165.704,61.2755,1
157.529,49.1671,1
161.154,64.4238,1
165.806,68.8589,1
169.763,55.2841,1
163.905,47.0004,1
169.778,108.031,1
158.477,58.2871,1
156.006,54.1718,1
168.321,69.807,1
171.39,98.5514,1
165.826,34.6195,1
160.078,71.0382,1
163.026,41.8504,1
166.059,83.592,1
161.933,68.31,1
161.559,66.0909,1
163.936,74.4223,1
178.08,56.5576,1
165.682,73.0582,1
158.662,91.9931,1
164.024,41.7696,1
157.616,71.2566,1
174.676,71.0049,1
154.849,79.2469,1
163.333,75.6002,1
155.963,63.5093,1
164.881,87.3997,1
159.311,75.7501,1
172.204,83.6023,1
165.962,51.183,1
177.8,73.5286,1
160.913,51.8433,1
172.182,85.0604,1
174.94,88.4285,1
156.518,46.9844,1
166.602,60.3353,1
163.07,69.9526,1
163.237,50.3948,1
171.397,100.277,1
163.073,58.821,1
166.064,93.4167,1
163.239,60.5259,1
163.034,78.7743,1
162.468,77.2004,1
166.262,86.3695,1
159.508,81.5437,1
161.276,88.0626,1
166.063,100.607,1
166.73,94.0936,1
169.815,92.85,1
167.709,96.2631,1
161.137,63.5553,1
162.678,90.0844,1
163.221,57.0605,1
164.187,61.6277,1
162.997,63.4923,1
169.254,94.0494,1
157.866,46.2293,1
166.082,70.0255,1
163.872,81.3996,1
159.969,57.2745,1
154.96,58.2509,1
162.923,86.4551,1
168.837,96.8509,1
170.501,93.2207,1
168.56,74.5495,1
167.608,63.1173,1
165.111,91.9102,1
159.068,51.0066,1
164.654,81.1795,1
152.689,61.7412,1
169.483,92.358,1
170.82,90.722,1
174.318,97.1451,1
165.568,38.4248,1
157.696,50.3459,1
162.836,54.1953,1
165.921,88.6994,1
161.707,74.2862,1
162.77,59.5707,1
170.378,58.7632,1
154.141,66.1117,1
168.7,67.672,1
167.174,100.621,1
162.06,85.4607,1
164.412,74.8409,1
172.42,80.812,1
158.9,93.203,1
171.885,90.5831,1
155.18,52.6738,1
164.701,94.2534,1
164.319,63.3774,1
161.265,65.7304,1
163.39,72.1011,1
168.153,65.0484,1
157.667,68.4959,1
169.391,92.9884,1
169.387,79.0158,1
168.031,73.2995,1
167.373,76.9709,1
161.124,76.4386,1
156.627,79.2064,1
172.967,80.6839,1
162.418,76.8887,1
166.559,69.2363,1
158.154,52.2933,1
161.592,65.106,1
167.074,100.549,1
161.288,52.424,1
161.6,66.774,1
164.014,38.2606,1
164.19,90.888,1
171.052,100.92,1
162.223,49.3647,1
158.122,77.1439,1
164.24,53.8605,1
161.887,98.1039,1
165.302,68.3943,1
171.592,53.7813,1
162.512,53.4073,1
155.093,70.2441,1
166.839,65.2065,1
171.354,72.6752,1
161.361,51.2204,1
158.979,39.7078,1
172.742,75.0917,1
162.329,64.381,1
169.585,92.3494,1
168.839,83.8937,1
166.936,58.0707,1
169.813,45.3607,1
158.541,59.0077,1
163.88,51.0557,1
160.252,59.4641,1
159.833,93.178,1
164.39,64.5488,1
164.178,84.2216,1
154.622,45.3573,1
165.99,71.6942,1
160.929,66.1401,1
160.863,51.4175,1
170.043,88.8695,1
163.133,73.6051,1
166.097,81.4691,1
167.608,65.9659,1
155.103,59.2389,1
165.222,64.0248,1
160.715,65.5504,1
155.271,75.9888,1
156.384,48.2466,1
164.453,75.0969,1
161.251,60.0559,1
173.063,96.3451,1
172.087,67.4037,1
162.298,87.5884,1
174.244,74.2857,1
157.118,97.8061,1
153.88,66.8109,1
164.945,92.8156,1
164.853,88.9803,1
166.687,105.656,1
164.064,104.292,1
163.389,86.4032,1
168.671,106.921,1
163.001,78.8767,1
159.432,73.7021,1
165.309,46.3147,1
170.792,94.6755,1
157.883,44.5971,1
166.274,93.368,1
164.376,77.3859,1
163.996,77.4903,1
170.947,70.3616,1
167.567,54.8712,1
157.173,53.628,1
167.684,113.357,1
169.421,81.9837,1
173.975,73.7482,1
166.829,81.201,1
172.165,77.459,1
160.583,69.4857,1
160.429,54.1116,1
160.811,60.55,1
163.846,46.1948,1
151.433,70.3369,1
161.946,76.067,1
172.051,89.3254,1
164.945,107.609,1
163.015,64.1815,1
169.047,78.4195,1
161.468,83.8106,1
166.124,91.5563,1
153.967,65.9817,1
170.439,57.4025,1
170.782,95.0477,1
170.691,98.9079,1
164.027,74.2725,1
165.414,78.9131,1
166.527,74.7324,1
162.523,80.4326,1
156.533,89.2001,1
165.044,84.0292,1
159.122,45.2937,1
159.226,71.869,1
163.908,90.6531,1
159.557,44.1282,1
166.91,106.548,1
152.588,48.6648,1
163.572,58.2612,1
162.356,90.5216,1
161.235,57.4917,1
165.647,75.5577,1
163.056,61.614,1
162.424,77.6928,1
159.576,58.1179,1
171.985,89.6373,1
172.463,75.0132,1
147.908,80.7599,1
168.191,92.756,1
156.995,87.2751,1
167.27,78.0876,1
161.86,98.666,1
164.557,91.7368,1
172.901,78.9818,1
170.471,59.8718,1
164.215,90.6097,1
164.397,95.9698,1
150.474,82.2369,1
160.924,96.1486,1
168.614,93.4327,1
162.845,96.3377,1
156.444,50.6829,1
165.392,57.1516,1
167.307,94.1138,1
159.969,65.0103,1
168.265,90.2817,1
160.353,78.5964,1
167.209,87.8401,1
171.342,88.2945,1
161.307,73.6443,1
158.513,66.1135,1
160.024,68.265,1
159.321,86.4089,1
153.612,62.7103,1
164.922,51.4555,1
162.858,71.7644,1
165.422,73.5802,1
161.037,48.8335,1
159.168,66.5581,1
164.151,60.9125,1
161.484,67.3956,1
160.381,74.6128,1
162.532,76.3486,1
163.942,88.5332,1
169.296,108.867,1
160.191,54.3931,1
166.2,88.2344,1
156.412,59.7015,1
162.546,75.5973,1
177.099,81.8692,1
157.262,59.1747,1
165.458,72.1049,1
164.442,82.0032,1
159.857,68.5415,1
169.994,61.9301,1
167.064,67.8331,1
170.894,66.1342,1
153.927,41.314,1
164.22,74.1051,1
166.004,77.8193,1
168.936,68.5386,1
169.065,57.7848,1
158.959,72.561,1
159.573,77.0591,1
155.288,67.3097,1
168.519,68.537,1
164.553,76.3887,1
165.511,77.6692,1
168.585,96.1368,1
169.164,51.3018,1
161.338,86.1747,1
162.574,61.563,1
158.705,74.0073,1
170.642,105.806,1
160.193,42.0051,1
165.694,72.8042,1
156.779,73.3458,1
160.353,55.9714,1
163.412,67.3496,1
167.726,69.8307,1
152.253,65.08,1
157.046,74.1918,1
164.318,61.7827,1
168.675,68.2085,1
160.251,45.5181,1
158.06,53.6203,1
164.665,65.4634,1
161.833,87.6916,1
168.126,80.135,1
153.48,77.0037,1
165.546,75.7729,1
162.355,86.1507,1
166.548,77.4823,1
160.771,89.5682,1
169.974,87.7133,1
158.162,74.7177,1
181.022,114.08,1
163.442,86.1913,1
168.648,85.2913,1
163.791,62.6943,1
166.547,109.451,1
158.919,78.2098,1
170.537,69.4267,1
168.073,80.114,1
166.585,64.9248,1
165.949,98.8722,1
160.787,52.7835,1
162.721,98.7085,1
172.978,83.9459,1
157.604,92.8721,1
169.682,94.3416,1
160.538,106.891,1
156.057,77.7897,1
165.838,70.2817,1
162.341,58.1767,1
162.761,84.4462,1
168.751,87.0871,1
161.324,64.5147,1
164.549,80.5094,1
168.033,66.4944,1
168.798,68.0685,1
156.028,70.1007,1
175.134,88.7314,1
159.672,83.7162,1
161.473,70.0932,1
164.085,87.9151,1
170.066,83.8463,1
164.382,83.545,1
162.715,88.2742,1
166.168,78.9809,1
168.575,90.4495,1
166.995,76.4126,1
162.262,68.5547,1
164.274,93.7469,1
156.575,52.3789,1
162.975,68.3826,1
163.485,103.099,1
164.599,86.5625,1
152.41,21.0878,1
161.797,37.3791,1
165.84,108.045,1
169.382,43.9038,1
164.607,56.4221,1
155.764,89.7474,1
168.7,72.6892,1
164.23,86.1555,1
164.28,84.2668,1
164.447,75.5131,1
166.556,63.3305,1
158.542,58.7369,1
164.177,79.0177,1
154.621,73.9394,1
160.992,82.2823,1
170.819,68.6533,1
153.162,63.3396,1
162.949,96.358,1
168.266,83.2107,1
163.41,56.6467,1
172.517,75.6972,1
166.96,74.5419,1
166.348,79.9115,1
162.919,64.0932,1
167.17,86.6484,1
164.279,66.809,1
165.946,82.1604,1
168.463,85.1447,1
165.659,52.4995,1
160.269,78.4373,1
161.207,65.4942,1
168.304,71.4482,1
161.879,73.7828,1
159.657,19.3471,1
167.044,50.2914,1
165.11,114.154,1
158.956,85.2888,1
163.12,62.0286,1
169,68.4872,1
166.439,74.8052,1
154.996,58.8956,1
165.881,70.8691,1
157.722,68.9685,1
174.152,62.1281,1
160.742,84.9067,1
165.792,90.7607,1
165.927,74.3096,1
160.931,65.2373,1
165.899,34.8488,1
167.097,76.0747,1
174.924,77.6081,1
172.352,67.4121,1
171.384,110.352,1
164.09,61.1283,1
169.471,57.5131,1
161.363,81.762,1
164.426,109.401,1
177.18,100.234,1
157.073,43.6427,1
155.858,70.742,1
161.391,68.0661,1
165.637,60.4669,1
169.6,85.4925,1
169.75,75.9824,1
169.335,97.2579,1
163.319,76.6815,1
158.914,90.171,1
157.413,43.0603,1
158.82,51.776,1
167.48,74.2247,1
169.027,72.2151,1
165.294,90.6343,1
157.404,85.1683,1
163.993,73.5649,1
158.836,87.8946,1
156.89,76.9264,1
164.926,96.5296,1
159.436,70.7107,1
153.715,43.4824,1
172.329,72.9811,1
173.139,78.3546,1
173.451,83.496,1
173.629,92.8403,1
156.254,81.457,1
157.823,95.3701,1
160.414,39.5687,1
165.607,59.4373,1
163.672,82.1019,1
157.386,70.7088,1
164.924,93.7878,1
173.445,42.8041,1
162.94,98.8309,1
169.465,47.7038,1
171.582,69.0016,1
159.036,86.675,1
164.46,83.6677,1
168.978,79.7876,1
172.157,99.2658,1
162.994,90.8177,1
162.079,72.0442,1
166.013,103.74,1
168.872,71.3892,1
177.368,93.9306,1
162.989,71.7037,1
160.289,64.053,1
161.942,62.6166,1
168.559,68.3539,1
165.431,67.5141,1
170.756,63.8332,1
164.141,84.1662,1
160.895,74.2822,1
158.309,60.539,1
165.88,87.0108,1
159.667,70.289,1
152.766,50.1368,1
175.844,108.008,1
171.589,79.2382,1
165.822,82.5436,1
163.324,70.616,1
165.479,97.6818,1
159.825,80.066,1
158.42,49.3247,1
178.465,91.3479,1
159.781,61.8493,1
161.461,99.4342,1
160.643,79.7698,1
170.218,82.605,1
162.133,80.6377,1
156.142,72.4696,1
160.07,76.2769,1
156.551,54.9868,1
159.414,78.8895,1
164.108,67.813,1
171.237,88.365,1
168.504,101.78,1
160.296,55.1536,1
160.256,94.1173,1
154.581,75.3477,1
157.556,44.9279,1
164.643,75.2097,1
166.572,37.3918,1
165.838,97.2448,1
161.509,54.5948,1
168.354,66.1172,1
171.75,35.1275,1
170.258,88.7708,1
153.893,56.9587,1
161.078,64.6577,1
160.874,82.9169,1
164.281,87.6198,1
164.562,84.5809,1
165.919,25.8567,1
160.829,69.3237,1
177.535,82.9822,1
155.603,56.6909,1
167.908,72.7128,1
173.681,90.1686,1
171.571,104.528,1
161.661,76.4455,1
158.638,63.1455,1
158.963,64.0737,1
155.206,78.7161,1
165.796,77.7474,1
158.405,59.384,1
160.894,57.3405,1
164.73,55.4132,1
166.506,44.2396,1
167.32,86.8154,1
154.007,77.6727,1
162.289,33.0721,1
162.001,99.4226,1
162.294,84.5576,1
163.915,66.2024,1
159.735,73.3294,1
162.84,90.8271,1
153.88,72.5538,1
157.289,62.49,1
158.906,66.9513,1
158.918,32.1767,1
172.105,84.0481,1
166.597,70.522,1
160.77,72.4132,1
165.545,62.3782,1
167.199,76.77,1
158.354,88.1617,1
159.958,47.4912,1
153.826,72.5931,1
168.246,83.7041,1
165.131,94.7005,1
167.324,58.1557,1
150.823,58.7162,1
173.193,111.655,1
168.545,119.211,1
172.673,105.301,1
167.886,42.5393,1
173.069,62.9398,1
160.887,52.67,1
164.49,67.1574,1
161.214,72.3994,1
162.212,104.558,1
169.948,97.0658,1
169.4,89.3078,1
159.095,86.3158,1
162.604,72.4381,1
165.253,74.5967,1
168.946,98.7815,1
158.22,63.3724,1
166.754,51.6016,1
157.892,41.0727,1
166.946,81.745,1
155.36,83.646,1
168.467,38.3319,1
164.794,103.652,1
169.205,28.4893,1
161.284,59.8066,1
159.412,81.3546,1
162.731,69.8034,1
157.703,82.4677,1
160.706,74.7956,1
161.034,49.6632,1
169.326,82.2237,1
159.921,79.5914,1
174.975,72.6673,1
164.753,48.105,1
165.819,93.1381,1
176.463,119.039,1
162.984,89.5333,1
155.856,50.4331,1
171.163,58.6011,1
160.888,72.9102,1
159.244,98.7655,1
168.919,96.9396,1
166.909,86.5325,1
165.745,86.511,1
162.329,85.141,1
159.563,84.3257,1
159.902,72.4849,1
157.758,76.4854,1
165.541,65.9675,1
160.443,71.8407,1
172.456,59.3308,1
160.789,56.3083,1
160.344,72.0121,1
160.385,80.2475,1
170.227,72.2024,1
157.324,65.0921,1
162.354,114.582,1
152.571,77.489,1
166.157,124.463,1
161.745,53.463,1
166.055,81.023,1
164.92,58.0895,1
163.873,71.9639,1
169.814,59.8806,1
164.633,80.1732,1
164.879,68.4942,1
173.35,93.7853,1
161.792,82.9517,1
168.936,89.585,1
162.792,59.6513,1
169.338,86.9341,1
158.95,32.8329,1
159.938,58.0344,1
154.761,60.8326,1
164.535,83.6476,1
167.232,95.6601,1
166.634,65.4863,1
153.813,101.02,1
169.377,54.7455,1
167.157,72.2657,1
159.163,65.3512,1
166.073,95.79,1
172.399,122.01,1
156.022,53.9173,1
161.832,83.3509,1
158.6,66.5704,1
156.474,96.611,1
167.127,48.9505,1
155.125,43.976,1
155.439,106.341,1
167.26,73.3154,1
165.97,85.4155,1
161.461,78.6772,1
147.553,66.8135,1
155.783,84.6688,1
161.629,65.9468,1
165.872,76.135,1
163.206,66.8041,1
165.894,76.1695,1
154.933,62.8111,1
158.673,64.1747,1
166.644,83.3596,1
160.834,78.7626,1
164.116,86.7435,1
163.268,52.4408,1
167.182,79.7558,1
161.692,74.4479,1
159.388,56.7589,1
169.221,87.7423,1
154.756,46.0155,1
166.342,30.1993,1
156.324,53.11,1
160.691,92.2719,1
155.213,74.1651,1
160.915,79.3815,1
164.359,101.847,1
169.478,67.5836,1
169.407,66.1096,1
168.309,90.662,1
158,106.963,1
172.845,29.6452,1
167.673,83.6507,1
165.435,59.7413,1
153.887,63.0648,1
166.851,73.1966,1
166.431,77.1715,1
161.712,80.7512,1
164.619,96.2646,1
169.071,70.8432,1
154.388,66.883,1
158.948,78.2385,1
172.525,80.256,1
160.075,52.75,1
160.974,63.2588,1
157.569,45.6043,1
165.766,70.9484,1
161.868,69.9947,1
164.96,58.644,1
168.935,87.9937,1
163.164,41.4573,1
159.837,74.6686,1
169.99,55.323,1
165.573,71.6035,1
159.239,93.6392,1
162.768,62.5092,1
169.142,65.0481,1
162.104,66.84,1
159.295,58.7808,1
164.982,69.2957,1
164.617,63.4082,1
157.479,76.3692,1
168.068,88.5525,1
156.938,52.1052,1
156.365,64.1204,1
162.109,69.9791,1
166.342,79.7648,1
161.351,51.6621,1
167.215,72.5944,1
170.643,95.9778,1
162.919,89.0972,1
158.883,93.0558,1
166.961,96.4146,1
163.477,98.5507,1
169.484,95.8718,1
166.546,88.1872,1
155.599,73.4338,1
163.696,77.044,1
168.026,89.6716,1
160.169,70.3477,1
174.289,77.9038,1
161.289,70.0501,1
157.075,70.503,1
161.807,60.8535,1
160.733,61.504,1
160.857,53.6997,1
164.267,102.505,1
158.775,55.6623,1
158.703,77.397,1
157.391,73.5689,1
160.024,68.5013,1
163.99,96.755,1
165.479,88.278,1
157.563,78.1441,1
159.638,64.8598,1
161.003,95.6729,1
170.339,74.4584,1
160.875,76.4132,1
173.439,72.7722,1
153.841,62.1272,1
160.981,93.1756,1
164.532,60.7746,1
172.855,79.204,1
162.672,67.8234,1
146.911,70.7628,1
165.597,71.5384,1
166.984,69.3891,1
164.827,79.514,1
168.276,60.0258,1
160.82,84.049,1
168.543,99.1014,1
157.119,78.9923,1
167.031,74.159,1
164.781,86.6309,1
167.408,84.1955,1
165.14,80.5736,1
160.69,60.1488,1
157.614,80.8921,1
163.511,76.9654,1
163.842,60.7194,1
160.54,73.9101,1
169.043,82.6141,1
160.986,67.2024,1
159.847,73.1472,1
166.091,62.3796,1
169.185,83.9614,1
160.284,61.2742,1
164.628,51.8452,1
157.142,60.517,1
169.485,86.1281,1
160.735,84.6773,1
161.112,78.1531,1
170.625,108.428,1
163.036,73.5573,1
167.648,81.8505,1
160.468,78.5935,1
159.021,82.5998,1
162.146,52.6943,1
162.657,59.5077,1
174.876,51.4541,1
159.101,73.8764,1
159.863,66.9116,1
155.649,76.6331,1
170.182,92.6268,1
173.262,78.9505,1
157.475,81.8881,1
167.236,92.3365,1
173.531,75.5901,1
167.887,59.4721,1
159.613,96.5102,1
165.76,78.1294,1
163.006,91.6848,1
167.483,73.4645,1
164.634,67.9706,1
164.012,51.3502,1
162.666,74.5921,1
154.521,53.77,1
159.83,62.8434,1
155.596,41.3966,1
179.78,87.9145,1
157.45,69.9674,1
162.993,65.081,1
163.005,68.1607,1
169.595,67.833,1
157.65,57.7977,1
172.788,58.3143,1
158.85,71.354,1
153.628,50.8038,1
165.979,55.933,1
163.764,62.6495,1
164.878,66.0958,1
154.938,70.472,1
159.484,62.8104,1
161.939,83.6614,1
155.849,76.6737,1
160.477,32.4605,1
168.35,84.0984,1
168.202,87.7728,1
160.458,71.4482,1
171.557,89.1142,1
168.98,95.8597,1
165.544,85.4333,1
157.597,71.1566,1
166.236,122.619,1
166.636,78.5181,1
172.69,82.6154,1
155.924,57.8493,1
162.799,50.6764,1
162.332,65.4587,1
165.629,84.7107,1
156.331,73.1789,1
156.712,58.6442,1
164.613,68.1749,1
155.819,56.5034,1
167.698,69.8153,1
162.517,72.9782,1
154.575,63.5018,1
161.607,91.6591,1
158.168,105.721,1
154.654,86.0214,1
167.15,77.8237,1
161.123,70.3311,1
168.159,60.8238,1
173.78,83.8729,1
165.228,44.3755,1
161.281,77.5248,1
163.499,61.3268,1
174.515,74.5347,1
157.97,57.2335,1
168.282,91.9781,1
153.477,68.8186,1
153.044,56.258,1
159.618,95.9085,1
162.251,84.2949,1
157.535,95.3712,1
161.596,99.115,1
172.346,92.3694,1
163.609,94.885,1
159.076,55.065,1
167.803,123.797,1
156.833,84.6198,1
162.884,70.3581,1
154.185,74.4983,1
159.085,77.7336,1
161.595,72.0374,1
159.041,90.2788,1
156.599,71.4791,1
163.88,77.7885,1
169.634,95.5657,1
156.502,53.3895,1
150.313,63.562,1
165,65.275,1
168.881,47.8786,1
166.09,86.2908,1
155.336,74.1408,1
162.48,76.3123,1
161.324,67.5979,1
168.66,77.7685,1
167.017,73.5287,1
161.084,42.4549,1
164.526,72.0049,1
149.645,48.117,1
162.684,94.2138,1
161.71,76.3318,1
168.083,42.4563,1
160.7,67.5122,1
159.946,45.5028,1
160.226,80.7089,1
152.617,69.3012,1
159.646,49.7571,1
162.835,77.489,1
159.725,71.7869,1
168.094,71.2695,1
163.214,99.0293,1
163.868,40.4314,1
157.861,82.6144,1
164.739,87.1032,1
167.822,65.1833,1
162.944,83.2454,1
167.382,76.1139,1
149.531,64.6534,1
163.507,71.5535,1
178.178,94.4316,1
170.264,84.128,1
153.906,62.7822,1
167.032,104.742,1
164.815,72.9767,1
164.869,71.9432,1
156.485,70.5608,1
166.551,70.8558,1
166.86,100.035,1
163.831,85.008,1
167.076,92.5287,1
159.134,78.9985,1
167.103,77.6334,1
160.225,78.2837,1
165.781,66.6807,1
174.437,99.519,1
169.366,81.6046,1
159.832,61.4001,1
165.354,108.838,1
159.508,65.0736,1
154.902,54.8189,1
165.11,71.5943,1
161.8,88.2169,1
156.317,90.0457,1
160.604,57.7407,1
163.969,63.5501,1
169.659,87.2811,1
163.411,71.3942,1
170.467,102.066,1
154.416,65.9645,1
171.104,59.6148,1
147.5,66.6465,1
162.421,88.1544,1
161.92,85.1018,1
156.956,48.0769,1
167.946,68.6835,1
165.361,77.4433,1
163.64,91.8034,1
159.952,77.4435,1
171.674,109.718,1
171.843,88.1271,1
168.154,90.3564,1
162.245,55.7597,1
157.27,92.0568,1
158.365,45.0006,1
158.303,120.508,1
164.615,92.0399,1
164.827,67.4994,1
156.535,80.7053,1
167.308,98.1038,1
172.21,80.5443,1
155.43,59.1287,1
160.59,69.2566,1
161.259,75.2685,1
172.166,90.4461,1
158.934,86.9585,1
170.438,96.1805,1
