170.526,96.1385,0
171.733,84.1541,0
177,62.0082,0
182.942,111.627,0
174.042,85.0923,0
174.679,91.0589,0
162.756,97.0763,0
176.906,98.4802,0
170.046,93.3917,0
174.362,110.118,0
175.793,103.819,0
183.403,101.691,0
170.761,100.348,0
187.874,130.183,0
163.177,75.477,0
169.004,83.1904,0
176.73,87.0797,0
185.499,100.486,0
184.264,100.099,0
185.539,113.332,0
169.771,77.2785,0
174.165,57.4378,0
171.622,66.2409,0
175.561,77.6956,0
171.815,63.9668,0
180.651,68.7266,0
174.184,67.1436,0
169.554,87.0918,0
175.017,76.071,0
178.05,76.3293,0
160.872,84.1012,0
169.433,101.833,0
173.958,90.0604,0
176.133,99.8644,0
178.154,82.1879,0
177.834,85.4887,0
175.107,78.8963,0
175.364,114.926,0
176.641,113.555,0
181.468,80.7169,0
177.749,109.751,0
175.102,103.153,0
173.756,93.5606,0
183.258,98.9183,0
186.316,104.519,0
175.781,69.7487,0
185.647,120.016,0
169.356,72.185,0
175.545,76.8792,0
175.669,89.5562,0
177.986,83.3268,0
175.212,115.817,0
183.402,101.571,0
174.602,69.7494,0
180.791,98.0086,0
174.682,124.642,0
171.55,73.5281,0
184.153,103.294,0
177.402,67.5178,0
174.381,95.1743,0
189.222,119.168,0
177.704,111.987,0
175.77,98.2464,0
177.157,93.9989,0
180.021,104.265,0
178.904,63.2705,0
170.43,89.3128,0
179.483,92.4018,0
181.859,93.5571,0
174.208,76.5301,0
174.768,77.4676,0
165.939,67.193,0
168.576,71.1249,0
177.744,114.958,0
167.505,87.7189,0
180.905,74.5853,0
181.312,97.455,0
176.94,77.7199,0
188.315,64.7159,0
166.833,71.8102,0
182.353,67.0272,0
174.162,71.8646,0
179.818,62.6606,0
174.174,71.9287,0
173.537,91.921,0
178.369,95.022,0
177.376,65.8748,0
177.207,88.3397,0
171.611,89.0439,0
172.431,87.6792,0
173.353,59.1312,0
186.455,122.863,0
172.363,94.8101,0
166.112,86.1907,0
175.368,100.779,0
193.814,111.771,0
176.387,82.8678,0
181.586,95.7393,0
181.559,89.3385,0
181.338,77.1949,0
180.737,98.0651,0
178.504,101.019,0
179.265,68.703,0
173.437,108.05,0
175.088,79.1262,0
171.393,86.0813,0
172.635,94.7021,0
178.381,92.7899,0
179.279,98.2028,0
180.703,92.6377,0
185.659,101.495,0
169.712,69.2264,0
181.224,70.8109,0
178.137,104.732,0
180.823,108.367,0
170.014,98.9743,0
177.708,94.1334,0
188.873,113.719,0
187.137,102.708,0
178.184,105.66,0
177.792,104.126,0
186.104,130.761,0
172.881,93.6118,0
180.205,81.7557,0
171.125,79.0422,0
172.673,91.8733,0
164.429,68.8625,0
170.707,104.53,0
173.816,77.0197,0
180.944,85.8211,0
181.044,98.7666,0
171.122,66.881,0
167.972,71.8015,0
160.704,84.6584,0
170.363,76.4151,0
179.859,67.264,0
190.087,63.42,0
178.561,90.3214,0
184.994,90.3449,0
176.83,90.0573,0
172.659,56.8839,0
177.97,86.6137,0
183.24,120.473,0
171.4,56.1875,0
186.746,128.62,0
183.746,103.203,0
174.659,75.7465,0
181.055,86.5412,0
173.725,82.4272,0
166.698,74.1782,0
173.503,72.4274,0
177.048,72.4786,0
166.214,100.047,0
169.746,76.0839,0
176.133,61.6957,0
173.652,73.8827,0
187.755,83.7941,0
180.51,103.469,0
177.724,102.156,0
177.727,63.9251,0
181.522,98.9163,0
173.676,92.1314,0
176.303,82.7841,0
175.523,92.7371,0
173.826,80.908,0
175.744,96.1016,0
167.269,69.2482,0
179.489,73.277,0
187.139,114.657,0
170.981,72.9665,0
174.884,67.3334,0
177.295,91.8034,0
183.672,85.0282,0
184.219,118.315,0
186.692,88.1867,0
171.738,94.405,0
182.291,64.7733,0
179.332,92.9162,0
175.769,90.3945,0
173.195,90.4032,0
174.839,83.9409,0
175.713,89.2803,0
162.537,98.9894,0
181.436,123.89,0
177.418,78.816,0
168.883,102.007,0
179.577,92.0648,0
167.679,66.2603,0
172.123,61.7972,0
168.909,83.1371,0
176.529,84.842,0
178.697,55.8979,0
173.142,78.6327,0
171.232,65.9762,0
175.342,116.465,0
176.054,86.611,0
182.433,101.48,0
170.34,74.8052,0
176.342,115.572,0
177.618,81.1944,0
179.033,115.751,0
176.397,86.4969,0
168.497,80.5669,0
180.17,133.699,0
173.076,100.337,0
185.53,95.0974,0
167.388,87.706,0
168.685,78.0289,0
167.506,65.7295,0
172.361,101.875,0
172.452,110.857,0
172.362,86.261,0
180.329,67.3532,0
171.485,67.8517,0
167.262,78.9784,0
172.686,86.7758,0
175.859,68.8502,0
181.769,88.6766,0
179.119,129.661,0
172.931,85.4937,0
174.371,93.1707,0
179.411,93.914,0
179.522,117.529,0
179.334,120.862,0
184.402,62.705,0
184.917,100.921,0
173.048,90.4621,0
182.317,89.8286,0
179.059,84.3942,0
171.73,88.882,0
184.3,91.23,0
173.433,105.844,0
179.638,93.5573,0
182.252,112.778,0
181.609,95.2626,0
174.35,72.4456,0
176.265,71.3203,0
174.606,89.327,0
168.194,62.1432,0
172.359,109.403,0
177.556,114.495,0
176.827,79.4994,0
172.008,68.3275,0
182.938,91.4462,0
176.377,87.729,0
177.357,97.3061,0
175.207,102.236,0
182.578,67.8107,0
185.388,111.754,0
172.514,102.155,0
174.736,81.5138,0
180.198,113.24,0
163.278,66.8727,0
183.459,77.0655,0
178.525,85.1651,0
181.755,89.0235,0
183.446,87.2726,0
189.234,121.308,0
188.07,105.775,0
176.914,103.752,0
180.163,82.8667,0
179.323,72.6979,0
162.786,83.0796,0
183.251,88.5481,0
171.416,68.3379,0
170.285,91.6108,0
187.178,75.7771,0
184.929,88.0912,0
183.122,83.1507,0
174.876,105.207,0
173.679,86.1211,0
181.156,93.5747,0
167.794,71.0043,0
179.039,114.532,0
164.844,109.994,0
187.722,72.4722,0
179.621,65.5435,0
182.779,101.755,0
168.877,97.3116,0
167.476,51.9581,0
171.613,85.3017,0
170.743,87.2865,0
185.379,97.0763,0
176.729,85.3949,0
170.928,95.2444,0
185.971,85.186,0
169.999,58.5525,0
179.734,96.3827,0
177.281,65.1836,0
169.117,105.963,0
173.55,106.119,0
177.393,101.262,0
169.916,100.889,0
181.107,93.0924,0
177.658,89.3737,0
185.038,126.907,0
179.191,77.9409,0
175.93,89.1784,0
178.751,91.1291,0
176.875,82.8584,0
170.91,108.138,0
169.143,85.5294,0
167.472,82.8164,0
174.319,81.926,0
179.136,73.1723,0
173.482,100.73,0
175.243,94.7752,0
174.203,107.279,0
173.558,76.7363,0
173.892,72.776,0
181.728,78.0769,0
178.167,83.31,0
173.598,83.2773,0
166.955,95.9763,0
171.631,75.8288,0
184.521,104.883,0
177.902,90.1179,0
177.634,82.3521,0
193.214,79.755,0
176.366,66.9391,0
189.112,108.834,0
171.599,76.9228,0
163.003,101.465,0
184.087,75.0338,0
178.664,80.8208,0
177.542,128.696,0
170.387,91.3979,0
171.904,89.8089,0
174.985,65.8796,0
173.754,98.0356,0
173.731,90.5328,0
184.704,94.4164,0
177.039,108.831,0
180.449,95.0501,0
167.42,73.8288,0
181.325,93.0423,0
175.634,123.953,0
165.636,70.1299,0
183.698,79.8778,0
173.228,94.2787,0
171.836,99.4128,0
180.268,100.604,0
181.139,97.3727,0
174.105,80.8079,0
180.454,69.7202,0
175.876,69.7782,0
184.688,126.681,0
182.418,115.26,0
177.771,105.03,0
183.361,82.4569,0
183.583,95.0775,0
173.332,73.2767,0
168.1,76.1385,0
178.45,110.755,0
178.016,85.095,0
181.956,81.552,0
177.816,65.0827,0
183.845,110.193,0
181.039,97.2385,0
180.259,67.7223,0
168.283,88.7781,0
165.488,60.3651,0
169.072,114.381,0
164.526,82.9606,0
178.181,83.2577,0
171.816,75.3677,0
176.583,112.375,0
184.744,82.2508,0
173.089,97.787,0
161.299,74.2669,0
182.659,73.606,0
172.2,83.6217,0
169.81,105.018,0
186.144,97.6653,0
173.683,76.9357,0
173.935,87.3705,0
170.382,63.1619,0
178.502,98.1089,0
180.386,87.6469,0
177.089,88.3283,0
172.128,83.2765,0
170.341,85.3411,0
176.17,70.3933,0
178.196,105.798,0
176.522,92.4063,0
172.395,94.5609,0
176.548,99.5444,0
171.839,79.088,0
172.025,106.228,0
181.159,110.353,0
165.944,70.4228,0
172.801,77.5316,0
178.096,89.3551,0
177.214,91.1201,0
178.313,88.543,0
179.764,94.6109,0
174.533,58.8755,0
180.066,97.1913,0
182.843,101.944,0
176.404,104.563,0
174.517,103.649,0
170.827,85.9249,0
176.41,94.3935,0
193.179,129.71,0
185.208,113.568,0
184.347,66.669,0
183.914,85.4351,0
177.704,89.1132,0
169.267,63.9786,0
173.805,108.988,0
174.605,88.5856,0
187.985,87.7968,0
174.469,110.759,0
171.985,84.912,0
170.328,81.6588,0
164.359,77.3214,0
187.996,107.335,0
187.615,99.2099,0
184.196,111.642,0
184.427,92.1988,0
168.506,89.0649,0
169.093,81.8104,0
184.434,90.0687,0
180.312,127.237,0
179.429,92.6263,0
188.422,62.2578,0
177.297,78.4945,0
170.838,63.875,0
179.932,81.4919,0
168.284,71.9334,0
181.43,94.4294,0
168.433,83.6409,0
172.526,93.991,0
178.293,68.9367,0
170.055,73.1901,0
178,92.486,0
177.129,92.5522,0
172.923,89.0528,0
175.016,89.507,0
183.622,115.802,0
169.72,81.5612,0
184.851,95.1239,0
177.441,106.434,0
184.545,137.024,0
179.729,93.0772,0
167.85,63.8639,0
169.424,93.5016,0
183.32,124.97,0
174.375,75.2352,0
190.752,112.606,0
173.046,79.1944,0
182.986,124.983,0
174.836,98.2698,0
175.887,76.6614,0
178.821,64.6989,0
169.975,87.6767,0
168.349,88.0993,0
173.291,79.7434,0
176.108,105.621,0
176.878,105.187,0
176.196,104.424,0
180.121,132.681,0
179.971,74.175,0
177.55,91.6964,0
177.841,84.0078,0
182.127,124.664,0
181.081,96.554,0
184.35,82.8658,0
185.625,100.865,0
176.227,118.842,0
172.567,82.3116,0
180.503,114.748,0
180.142,119.215,0
174.614,83.5033,0
177.969,130.136,0
165.513,95.6648,0
176.205,96.9878,0
184.696,71.9207,0
171.53,70.406,0
176.836,98.3049,0
188.015,112.32,0
186.158,106.631,0
167.828,58.6439,0
177.695,111.088,0
182.106,86.8477,0
177.949,76.8486,0
173.903,99.2961,0
168.278,62.4102,0
178.237,87.3285,0
173.937,73.4312,0
162.191,60.5147,0
172.481,81.8193,0
181.251,64.3193,0
186.829,99.2633,0
177.798,100.357,0
186.593,91.3065,0
167.547,103.645,0
170.4,78.6312,0
174.182,102.957,0
171.336,78.7641,0
181.281,108.836,0
182.583,106.955,0
171.768,82.1434,0
166.331,64.9678,0
182.671,84.3412,0
188.118,130.812,0
179.618,120.399,0
182.337,126.575,0
184.79,103.022,0
183.017,64.9103,0
179.928,93.0437,0
184.267,88.9022,0
180.674,116.264,0
171.14,94.2001,0
185.807,78.797,0
178.634,60.5417,0
171.695,74.6316,0
172.085,82.5302,0
176.202,86.6005,0
176.964,79.4675,0
175.655,103.146,0
179.944,79.0202,0
182.967,87.4892,0
170.018,94.9476,0
176.301,121.672,0
175.086,100.442,0
176.779,76.8374,0
166.159,81.9223,0
165.819,95.8197,0
174.262,93.9329,0
175.611,101.084,0
179.606,102.623,0
189.841,96.4346,0
182.197,109.935,0
180.097,105.947,0
179.725,77.5983,0
165.939,72.7527,0
172.521,81.8794,0
175.849,75.5322,0
168.989,72.3267,0
187.917,117.707,0
174.672,79.2195,0
176.38,94.2989,0
166.26,75.6027,0
181.157,104.006,0
174.87,90.2256,0
175.799,71.1652,0
177.068,104.076,0
158.612,74.0756,0
186.718,112.303,0
174.434,98.6687,0
173.311,89.3696,0
177.475,86.8496,0
179.446,94.7443,0
177.619,102.466,0
180.807,100.612,0
177.002,107.494,0
183.873,133.956,0
188.676,95.4484,0
171.469,84.7916,0
182.961,112.12,0
187.024,131.89,0
177.705,91.5799,0
177.573,114.618,0
166.207,66.6705,0
173.939,95.0256,0
177.808,64.5063,0
172.817,90.3735,0
173.259,102.606,0
175.764,90.81,0
166.409,85.4065,0
175.446,77.2984,0
171.634,64.3857,0
182.326,91.3151,0
167.165,78.9238,0
172.563,92.0233,0
186.027,104.299,0
179.125,92.8858,0
177.405,92.725,0
175.59,57.9343,0
173.394,93.0924,0
187.94,124.967,0
177.523,102.416,0
183.953,104.245,0
184.047,121.576,0
181.125,75.9252,0
186.04,93.618,0
175.669,107.971,0
168.097,63.2031,0
165.285,103.137,0
178.364,85.2695,0
176.562,92.2832,0
180.61,79.1014,0
181.034,87.5334,0
182.836,93.7858,0
181.261,80.8344,0
177.441,77.8916,0
177.966,107.774,0
174.077,96.1697,0
173.63,88.9093,0
187.056,99.3884,0
175.943,82.3387,0
175.21,109.553,0
175.326,94.6847,0
186.737,105.592,0
178.132,105.484,0
170.611,83.6498,0
175.464,98.7162,0
180.517,122.141,0
175.967,102.54,0
174.777,66.7581,0
171.321,65.7732,0
165.614,69.7963,0
173.868,79.763,0
182.319,81.8699,0
164.453,68.6654,0
176.525,76.5689,0
174.164,114.102,0
172.611,87.5485,0
167.96,93.9389,0
180.099,69.458,0
173.321,93.2787,0
179.308,92.2934,0
168.65,80.5854,0
172.04,108.63,0
176.591,58.3715,0
174.774,88.4763,0
179.897,77.0064,0
172.515,88.8359,0
165.829,86.2676,0
179.688,117.49,0
162.168,68.086,0
169.903,40.7451,0
187.196,96.199,0
183.107,102.144,0
174.152,58.9984,0
175.866,85.9757,0
179.171,96.5686,0
168.067,77.8004,0
178.827,119.613,0
178.321,92.964,0
175.604,78.0336,0
181.1,95.5917,0
170.495,79.0762,0
182.964,105.728,0
159.442,66.7193,0
178.123,111.964,0
180.369,118.009,0
181.542,114.963,0
165.898,101.173,0
172.876,88.2212,0
169.088,77.1916,0
187.141,95.7527,0
169.895,101.151,0
177.658,105.535,0
174.473,96.0065,0
176.717,110.097,0
180.4,87.5636,0
177.909,83.7999,0
186.513,66.5339,0
177.992,104.435,0
179.319,108.863,0
180.461,104.318,0
181.14,104.539,0
175.854,112.697,0
184.35,99.3134,0
168.487,86.7284,0
175.71,102.002,0
178.841,123.577,0
172.527,62.9632,0
158.387,76.6033,0
178.277,124.711,0
168.868,81.0076,0
160.856,72.3355,0
171.818,61.8303,0
172.572,69.7195,0
166.83,87.4956,0
167.319,54.7634,0
183.369,115.329,0
184.571,98.361,0
170.863,104.321,0
178.12,77.6119,0
167.22,77.7749,0
176.851,105.836,0
177.66,79.983,0
173.097,74.1306,0
178.625,105.086,0
165.052,66.537,0
170.335,85.8161,0
174.368,51.457,0
180.434,112.271,0
176.413,98.4591,0
175.337,86.5059,0
173.233,96.3937,0
187.673,137.001,0
170.753,84.3991,0
174.744,86.0041,0
180.834,102.653,0
167.364,81.8822,0
171.028,85.1968,0
175.801,74.6806,0
175.415,109.469,0
183.654,84.8937,0
173.819,111.933,0
174.48,94.2715,0
172.709,77.0277,0
185.801,101.907,0
176.023,97.6181,0
177.185,78.7947,0
176.34,104.782,0
185.685,78.5885,0
164.156,77.6844,0
191.04,116.188,0
166.874,71.0715,0
163.954,83.664,0
176.292,84.3356,0
171.811,87.3223,0
178.134,75.9563,0
183.827,89.2902,0
178.165,83.9171,0
177.945,58.6537,0
175.3,85.5195,0
168.784,90.4338,0
176.854,91.3217,0
177.901,93.9028,0
178.538,97.1308,0
170.86,92.642,0
180.54,107.663,0
175.471,70.6757,0
176.635,87.852,0
179.497,105.772,0
176.376,67.5941,0
182.169,103.147,0
170.164,76.2359,0
182.389,98.3881,0
180.182,113.399,0
182.806,86.2452,0
164.198,82.2519,0
182.852,126.201,0
176.397,89.0575,0
168.827,99.0599,0
178.566,81.6731,0
181.065,83.3726,0
186.79,104.055,0
170.143,91.9732,0
172.214,93.5927,0
180.072,119.156,0
177.423,132.105,0
193.015,114.249,0
173.36,80.7663,0
169.215,67.8021,0
184.931,95.1281,0
180.952,109.517,0
165.438,82.2959,0
169.681,63.567,0
168.368,97.2028,0
179.289,89.4782,0
173.297,88.9443,0
175.953,80.3508,0
186.741,65.6808,0
182.617,106.073,0
177.098,105.712,0
185.56,86.474,0
171.311,80.5412,0
172.173,84.9003,0
175.26,56.9124,0
181.612,83.2312,0
168.37,77.5794,0
171.69,88.4143,0
175.772,84.7119,0
169.714,76.2668,0
175.345,104.414,0
181.874,83.1881,0
175.753,100.302,0
173.48,78.5556,0
162.257,79.3354,0
187.147,101.929,0
176.731,99.4496,0
176.201,89.9484,0
173.679,125.227,0
176.68,102.588,0
176.559,85.3436,0
178.151,71.7363,0
191.668,114.996,0
186.255,89.9611,0
177.972,72.0499,0
176.651,89.7167,0
171.891,56.3875,0
173.11,88.3797,0
184.021,91.8373,0
170.97,80.4585,0
176.134,85.6825,0
176.729,97.9466,0
175.511,83.811,0
178.801,95.5618,0
177.248,116.388,0
184.858,96.2747,0
188.115,114.438,0
173.305,80.7266,0
177.104,91.8162,0
186.309,116.721,0
191.876,132.713,0
171.894,75.6229,0
175.058,63.4817,0
181.026,115.512,0
180.614,64.634,0
167.098,76.3905,0
176.149,71.9371,0
170.782,70.2094,0
172.391,76.4096,0
175.802,72.8038,0
180.483,91.6419,0
176.773,79.7749,0
184.429,85.7528,0
180.582,83.587,0
171.6,93.2606,0
181.48,78.6556,0
173.753,109.702,0
178.86,124.635,0
166.44,59.816,0
169.288,81.8148,0
181.006,91.3321,0
184.866,88.1784,0
173.902,89.3635,0
175.417,80.2464,0
174.32,60.2293,0
186.443,120.836,0
169.377,96.0225,0
180.131,109.865,0
176.755,90.6993,0
170.582,90.339,0
186.186,124.845,0
178.015,65.4819,0
159.699,74.1994,0
167.229,66.0719,0
172.513,80.1867,0
179.836,77.4189,0
169.813,74.1578,0
172.825,58.03,0
166.021,78.456,0
181.13,99.2733,0
168.762,57.7818,0
177.425,77.7164,0
161.408,68.3069,0
185.075,93.8093,0
176.072,54.8959,0
192.636,76.9299,0
175.278,75.2506,0
173.077,94.0463,0
172.215,85.5083,0
174.874,106.908,0
177.979,81.3573,0
170.451,98.858,0
176.945,106.822,0
177.97,103.041,0
172.154,73.9935,0
179.851,78.7352,0
181.306,66.5729,0
175.17,84.1541,0
175.741,97.8334,0
167.509,76.7031,0
164.476,79.8641,0
175.372,107.602,0
173.275,92.0978,0
178.136,85.4156,0
179.951,77.9754,0
174.624,102.923,0
171.086,71.5795,0
181.581,48.1747,0
170.003,86.1299,0
177.251,65.7522,0
187.439,71.7494,0
181.043,100.22,0
179.207,82.7931,0
170.521,74.0773,0
169.847,80.2191,0
186.408,136.269,0
177.924,94.5544,0
190.313,95.1988,0
168.359,118.617,0
180.521,106.503,0
175.27,85.6654,0
181.668,86.7428,0
184.254,72.1035,0
177.638,101.321,0
169.224,97.1929,0
183.94,82.337,0
175.911,92.363,0
178.136,84.3926,0
171.223,62.8798,0
171.592,83.5673,0
178.635,91.0638,0
166.834,88.9817,0
175.708,92.3706,0
181.654,112.383,0
183.284,104.22,0
182.263,109.685,0
170.598,74.9488,0
166.302,98.1739,0
177.779,108.786,0
186.551,126.86,0
182.171,113.363,0
181.731,83.2459,0
174.209,62.9006,0
175.53,116.161,0
179.293,91.4749,0
177.84,93.2377,0
170.586,112.359,0
184.212,93.5263,0
173.549,95.2158,0
171.542,72.0283,0
182.449,91.6787,0
194.423,95.3308,0
183.084,101.403,0
178.585,97.9011,0
184.703,105.784,0
174.144,81.9882,0
183.673,126.448,0
170.294,66.1684,0
185.805,92.4615,0
171.239,66.7251,0
176.238,109.882,0
176.198,86.1808,0
184.984,92.2242,0
169.512,68.9509,0
179.238,94.5713,0
159.07,85.1768,0
175.041,70.4932,0
166.323,81.7439,0
175.875,92.8445,0
176.636,78.6443,0
183.277,95.0888,0
178.329,109.823,0
165.134,86.2981,0
187.929,101.283,0
170.923,83.3143,0
180.685,130.474,0
173.295,103.036,0
178.238,93.1772,0
160.835,79.607,0
177.397,87.9907,0
174.062,71.4587,0
184.988,102.723,0
179.987,109.695,0
175.527,118.809,0
180.484,83.7772,0
173.531,86.2416,0
177.919,92.0263,0
182.854,109.366,0
170.165,84.7634,0
174.775,79.6036,0
169.991,83.6017,0
176.701,76.2414,0
178.549,89.4526,0
173.478,82.8781,0
183.507,62.5238,0
174.137,91.1409,0
174.346,99.804,0
172.246,91.7543,0
177.346,94.3164,0
174.393,97.1171,0
179.247,79.4514,0
180.975,108.248,0
176.501,93.397,0
188.48,107.698,0
182.177,80.1944,0
185.903,70.2245,0
181.292,96.1559,0
169.403,96.3767,0
172.824,62.3543,0
174.733,109.327,0
173.833,104.835,0
177.898,96.383,0
174.296,91.9821,0
165.578,73.0909,0
170.835,81.1483,0
170.272,85.7712,0
183.671,53.7963,0
175.728,78.9005,0
173.5,66.598,0
177.493,82.8925,0
195.069,121.062,0
177.578,82.1512,0
180.182,102.422,0
168.192,59.1251,0
165.969,51.945,0
177.824,67.1182,0
166.198,103.874,0
164.038,70.8546,0
182.047,98.3476,0
177.721,75.5356,0
185.785,84.2175,0
175.96,100.502,0
179.473,85.4201,0
168.61,69.4856,0
193.863,120.623,0
178.601,73.6512,0
166.765,52.3415,0
179.007,85.2097,0
177.905,101.273,0
173.509,98.5502,0
176.115,96.1444,0
169.211,68.0257,0
176.658,117.3,0
174.095,93.347,0
184.592,119.558,0
166.307,62.2663,0
182.789,88.747,0
173.321,64.3489,0
188.9,98.4737,0
175.294,96.1073,0
175.483,90.0024,0
175.19,94.5547,0
177.502,101.206,0
167.022,74.7877,0
172.35,90.0948,0
185.356,96.4248,0
164.993,80.2297,0
169.508,92.9283,0
169.921,86.5631,0
172.555,74.0472,0
183.898,114.932,0
177.667,123.091,0
166.431,95.3111,0
167.033,80.7906,0
167.996,71.9191,0
179.617,91.1803,0
191.975,77.6113,0
175.213,66.792,0
181.381,68.7754,0
173.655,57.0401,0
174,94.1668,0
188.634,83.1671,0
174.536,85.7466,0
176.31,95.7922,0
175.684,74.966,0
172.897,78.1968,0
175.336,80.51,0
171.595,75.7409,0
172.409,71.6805,0
181.999,89.6828,0
181.991,83.515,0
182.038,100.891,0
179.211,106.293,0
179.945,96.3095,0
181.083,78.5229,0
181.125,107.224,0
167.415,93.9294,0
170.283,73.4198,0
176.921,104.445,0
173.106,90.8943,0
170.06,97.0941,0
179.582,95.0665,0
175.274,69.5981,0
176.329,104.132,0
184.229,117.652,0
182.671,94.4748,0
184.224,78.5617,0
178.769,117.406,0
174.168,84.2492,0
178.425,107.256,0
177.475,101.847,0
180.808,104.863,0
181.18,88.7828,0
174.17,93.6842,0
180.986,99.3906,0
185.207,112.77,0
182.694,107.151,0
174.402,101.675,0
179.048,85.3783,0
177.038,87.2587,0
185.721,105.894,0
169.952,74.6136,0
184.618,88.5873,0
185.267,86.1252,0
168.805,78.2032,0
166.45,88.9313,0
173.579,66.052,0
169.154,95.7853,0
175.647,92.5284,0
170.587,110.252,0
173.854,65.9694,0
179.255,98.2627,0
170.435,87.9551,0
169.027,71.2113,0
174.683,95.7748,0
178.423,102.686,0
177.184,88.6893,0
182.706,87.5945,0
183.533,72.0442,0
177.102,115.36,0
179.501,88.6088,0
182.94,89.8753,0
171.325,82.1496,0
168.861,101.634,0
184.124,126.367,0
183.258,87.3981,0
174.568,84.1202,0
169.62,87.4161,0
182.449,102.412,0
168.315,52.5567,0
179.533,97.2469,0
179.256,93.3188,0
168.128,94.9923,0
183.888,99.0873,0
165.697,57.8672,0
180.452,65.8062,0
177.145,88.4761,0
172.442,104.444,0
180.575,81.6859,0
177.04,111.432,0
170.219,67.7781,0
183.546,107.814,0
182.151,107.558,0
173.016,86.5526,0
168.571,81.6164,0
185.808,116.858,0
174.539,92.0672,0
189.079,97.9007,0
188.979,104.375,0
178.822,119.216,0
170.634,86.4607,0
176.805,93.2491,0
181.209,106.449,0
184.411,101.33,0
180.873,137.727,0
183.052,104.715,0
182.897,98.0828,0
179.612,90.2081,0
182.322,104.49,0
170.701,70.4652,0
176.811,101.498,0
173.927,122.944,0
172.495,79.8641,0
190.561,74.1232,0
174.865,104.724,0
167.925,95.9754,0
176.833,73.5964,0
174.873,94.9963,0
179.971,111.827,0
179.963,98.2278,0
170.219,106.122,0
186.989,116.297,0
178.004,110.551,0
182.505,127.107,0
180.48,68.6809,0
164.78,91.74,0
171.716,99.6016,0
174.344,71.3033,0
172.572,69.7956,0
180.384,84.8639,0
172.354,81.4956,0
181.003,70.7777,0
177.259,100.533,0
174.994,71.6037,0
176.321,79.8675,0
179.133,81.6463,0
175.746,67.4057,0
175.663,74.9148,0
172.202,72.333,0
183.601,138.633,0
186.016,123.066,0
181.101,82.4784,0
172.377,104.046,0
163.331,76.1496,0
176.511,71.9031,0
180.667,93.214,0
182.801,106.281,0
166.953,101.184,0
176.777,112.213,0
177.167,93.1446,0
179.023,85.7766,0
184.473,122.136,0
169.462,70.9002,0
167.356,90.3136,0
177.898,85.421,0
172.457,93.4744,0
183.743,106.693,0
170.672,95.2429,0
174.251,85.975,0
173.665,96.0065,0
167.941,94.1258,0
181.256,79.5801,0
169.141,71.05,0
176.88,75.8268,0
174.947,98.0058,0
182.166,104.11,0
176.992,91.1271,0
178.992,79.4825,0
172.239,74.6687,0
174.286,56.9789,0
166.535,59.5976,0
177.155,104.145,0
176.096,75.0999,0
169.667,81.6333,0
176.676,88.7133,0
177.82,71.623,0
178.547,113.267,0
179.66,83.1039,0
167.438,76.7689,0
184.36,100.819,0
187.517,105.059,0
180.675,94.6697,0
186.496,96.2298,0
175.794,94.7706,0
180.965,109.315,0
162.791,73.7446,0
160.988,81.6821,0
167.317,73.5216,0
170.741,59.0204,0
182.184,103.001,0
175.171,103.012,0
189.01,93.0149,0
180.095,95.8446,0
179.121,99.6512,0
170.951,96.4532,0
175.616,87.7037,0
164.703,65.4161,0
178.243,107.91,0
184.462,58.7201,0
173.55,100.687,0
183.678,72.4388,0
186.351,73.7915,0
171.927,109.834,0
175.909,52.2638,0
175.681,75.9174,0
180.807,68.7302,0
168.099,91.9986,0
186.666,126.648,0
183.845,84.4738,0
168.855,72.7383,0
181.068,87.954,0
184.542,104.373,0
172.663,79.7616,0
175.295,86.4121,0
170.576,80.5392,0
184.579,94.1741,0
172.649,95.955,0
153.31,77.4783,0
166.055,73.7951,0
177.68,78.3539,0
177.157,117.689,0
177.932,70.6769,0
180.229,99.8015,0
184.844,113.023,0
181.055,113.666,0
177.302,108.804,0
173.355,92.9984,0
169.166,86.5973,0
166.574,79.1444,0
183.333,98.374,0
181.243,106.598,0
182.526,110.145,0
191.755,109.864,0
178.687,74.6674,0
172,105.65,0
180.999,89.0002,0
186.665,87.506,0
184.184,124.535,0
188.168,81.6049,0
184.264,70.405,0
175.922,68.3598,0
179.612,94.6572,0
168.758,93.2395,0
172.834,82.4672,0
175.939,110.449,0
179.12,75.171,0
177.697,96.0518,0
175.692,78.2025,0
172.861,76.5845,0
174.917,100.049,0
185.006,87.8694,0
173.591,75.9323,0
172.848,115.598,0
169.446,94.9147,0
181.288,98.5588,0
173.951,64.6892,0
175.847,78.5905,0
171.315,87.9036,0
173.287,69.4686,0
176.261,133.819,0
162.888,68.6824,0
173.87,96.3299,0
179.319,97.9556,0
172.031,100.418,0
169.49,73.3872,0
169.779,74.3418,0
171.53,76.2075,0
181.02,117.432,0
173.991,70.2208,0
173.609,89.6168,0
183.89,96.1252,0
173.083,71.1732,0
181.507,94.7331,0
176.174,105.253,0
179.32,115.1,0
171.011,53.8099,0
173.303,71.0396,0
160.323,82.2219,0
179.366,50.0616,0
176.839,105.366,0
171.03,92.3464,0
173.417,107.576,0
176.23,129.01,0
172.501,75.0397,0
179.01,60.0734,0
187.453,114.425,0
174.522,91.545,0
173.252,84.3116,0
180.578,85.0913,0
174.903,61.6366,0
175.691,81.8206,0
177.362,88.0058,0
188.258,106.962,0
182.267,108.84,0
176.774,93.125,0
187.944,93.4999,0
183.363,107.758,0
179.003,98.309,0
179.445,104.015,0
167.937,87.0416,0
179.164,94.1311,0
175.326,79.0878,0
169.83,84.6878,0
168.491,90.2502,0
168.84,66.6239,0
172.12,74.1515,0
175.373,107.461,0
178.48,87.249,0
175.765,90.7617,0
174.258,69.481,0
167.904,45.2513,0
175.691,117.465,0
176.091,91.1251,0
176.334,111.909,0
174.828,83.4862,0
178.322,95.6296,0
171.064,53.7015,0
181.945,41.6977,0
174.55,86.8364,0
182.411,107.786,0
176.329,73.9138,0
171.25,94.8824,0
175.768,87.1101,0
174.275,86.2032,0
175.126,109.853,0
174.128,90.2385,0
174.339,78.2677,0
178.051,89.08,0
180.344,93.9315,0
169.554,76.6555,0
179.913,95.166,0
172.551,81.3714,0
171.15,89.1148,0
179.926,95.0084,0
173.18,92.6255,0
179.356,101.136,0
183.243,89.1978,0
174.952,78.2488,0
181.442,101.445,0
179.217,69.5759,0
175.424,72.6768,0
182.627,117.268,0
174.289,85.058,0
182.112,86.3372,0
184.367,112.244,0
180.844,68.9899,0
172.522,59.1292,0
174.059,95.8553,0
166.948,70.948,0
167.696,81.8211,0
174.636,103.673,0
167.982,88.7384,0
184.267,91.2595,0
174.144,90.8046,0
182.527,97.1462,0
163.445,83.881,0
176.317,93.8634,0
174.367,108.285,0
184.807,76.4424,0
178.781,90.9306,0
182.524,101.288,0
163.309,70.7782,0
180.057,110.123,0
175.26,104.034,0
160.539,105.107,0
177.442,113.731,0
186.528,96.1678,0
171.547,56.2692,0
180.381,93.6361,0
173.624,112.698,0
175.106,92.9717,0
180.697,89.2058,0
179.609,114.131,0
168.776,105.413,0
171.616,87.2694,0
169.59,78.6355,0
179.817,93.9372,0
173.343,83.4267,0
177.673,99.9041,0
174.566,96.3864,0
169.092,73.7233,0
168.621,96.4019,0
172.431,91.6587,0
165.028,90.5827,0
167.647,54.4669,0
172.086,85.5627,0
175.857,105.578,0
175.45,59.1978,0
174.885,112.29,0
169.916,97.8075,0
192.538,93.9929,0
180.991,70.7224,0
174.002,97.4599,0
175.258,83.9159,0
178.287,89.0382,0
174.893,77.2143,0
173.554,80.5499,0
189.778,107.192,0
182.112,76.6626,0
162.627,63.4838,0
159.459,97.366,0
161.439,77.8339,0
174.47,75.8564,0
177.232,107.348,0
181.635,124.56,0
173.41,102.112,0
170.966,85.6029,0
185.124,91.6206,0
171.543,63.8516,0
185.275,95.4356,0
176.821,80.4718,0
174.995,108.316,0
179.468,83.0934,0
189.888,94.8001,0
168.435,87.3609,0
175.212,108.119,0
171.842,109.427,0
178.292,119.825,0
171.662,76.1546,0
167.693,89.3719,0
172.93,92.788,0
178.764,98.3289,0
165.216,92.5498,0
174.272,78.7422,0
178.612,73.9213,0
174.464,63.5138,0
184.644,69.6132,0
163.975,52.8974,0
190.749,91.1858,0
180.743,84.1275,0
177.164,104.931,0
170.712,99.014,0
178.041,92.1496,0
180.92,91.981,0
174.15,61.9853,0
181.872,101.357,0
172.498,105.936,0
170.122,79.7974,0
173.534,90.751,0
179.546,78.4645,0
170.262,94.5268,0
170.039,73.7495,0
167.584,71.9364,0
181.085,86.4702,0
184.661,96.559,0
179.892,102.394,0
176.732,78.5217,0
183.881,138.118,0
170.728,94.0539,0
181.609,86.5807,0
178.327,84.7572,0
182.05,129.129,0
182.191,128.989,0
166.996,68.4454,0
178,82.4412,0
180.634,126.521,0
172.038,93.9905,0
173.497,110.118,0
169.718,95.2464,0
172.371,94.7229,0
173.661,75.3327,0
167.69,70.4939,0
173.676,100.836,0
173.152,87.9523,0
170.957,92.2889,0
168.647,84.3711,0
173.273,55.9114,0
174.533,87.5402,0
180.671,90.8816,0
181.095,96.212,0
177.441,72.7082,0
174.177,92.2687,0
176.371,100.945,0
174.917,85.5069,0
173.896,90.4594,0
187.221,97.3604,0
176.966,81.0564,0
177.453,101.398,0
181.41,110.027,0
174.69,102.116,0
181.995,107.087,0
168.816,78.8077,0
180.221,97.2896,0
183.193,87.1594,0
172.293,101.983,0
173.64,64.6184,0
176.712,78.7349,0
165.744,67.913,0
172.325,105.714,0
181.599,113.838,0
168.916,85.9128,0
173.092,75.5808,0
182.099,74.5563,0
167.946,55.2569,0
179.032,79.812,0
174.642,45.1622,0
173.371,93.601,0
177.004,84.1295,0
178.59,97.1759,0
180.729,90.6448,0
177.504,78.0188,0
184.083,96.6873,0
185.72,110.759,0
171.406,57.3437,0
188.511,108.482,0
161.584,66.0134,0
175.15,84.8482,0
173.196,68.29,0
184.144,93.3814,0
182.277,116.75,0
171.399,95.0646,0
187.553,99.9286,0
171.046,80.7477,0
173.789,87.6159,0
180.802,130.438,0
181.931,76.8608,0
175.84,86.9671,0
176.489,93.2246,0
183.447,109.069,0
180.636,90.8209,0
177.842,77.1069,0
183.294,104.529,0
165.746,99.1891,0
178.654,114.107,0
179.248,90.3854,0
170.225,83.4626,0
170.878,102.921,0
174.621,75.3595,0
170.965,109.034,0
177.185,83.9241,0
173.813,96.145,0
171.382,91.3698,0
188.097,105.731,0
174.502,113.738,0
171.853,99.0313,0
172.136,86.1628,0
176.344,108.642,0
164.592,84.3366,0
178.765,99.3229,0
168.813,90.2453,0
188.874,71.9065,0
177.899,113.506,0
174.847,65.0359,0
176.795,91.8087,0
180.486,68.0027,0
166.51,109.65,0
168.636,84.2026,0
168.471,64.3556,0
166.685,84.5346,0
178.631,122.204,0
185.453,91.9025,0
170.348,63.3718,0
173.552,63.855,0
173.292,93.1023,0
171.653,76.6033,0
181.755,112.039,0
178.292,90.6574,0
186.095,118.961,0
171.324,88.6891,0
190.251,99.2639,0
181.987,93.1209,0
178.775,95.0002,0
178.258,102.964,0
173.772,102.308,0
168.415,84.7232,0
182.1,85.5053,0
176.577,79.2125,0
170.962,74.011,0
169.976,90.5705,0
172.609,88.9188,0
190.416,81.6714,0
172.163,115.878,0
178.749,56.5529,0
179.047,75.871,0
193.855,124.496,0
177.284,90.6113,0
174.632,87.9325,0
184.141,129.272,0
179.358,109.602,0
174.237,104.493,0
178.507,94.9888,0
180.21,95.4929,0
184.761,127.566,0
175.533,73.9541,0
175.912,110.063,0
171.125,89.948,0
174.398,84.7012,0
179.009,108.027,0
171.297,84.2666,0
184.255,112.044,0
164.473,90.5338,0
171.728,91.7937,0
178.099,107.692,0
167.705,86.2355,0
189.308,94.8942,0
170.256,81.2252,0
170.897,123.033,0
187.06,92.8733,0
183.143,113.608,0
171.867,75.2174,0
175.247,78.5341,0
180.858,98.847,0
159.94,82.6367,0
180.053,85.233,0
172.514,71.7478,0
172.968,74.0833,0
173.666,90.9062,0
176.886,77.5965,0
165.713,90.9974,0
179.828,107.029,0
173.694,99.0326,0
184.143,83.7666,0
173.068,95.6072,0
171.306,88.4857,0
173.555,91.3187,0
185.551,103.981,0
178.869,124.264,0
181.525,90.4916,0
169.84,78.7543,0
183.285,111.071,0
173.2,94.4048,0
167.714,95.6583,0
177.766,93.4853,0
171.359,84.3433,0
172.264,82.647,0
182.123,85.5539,0
171.731,93.9269,0
189.04,93.8776,0
177.567,87.071,0
167.773,69.7308,0
182.034,95.2259,0
171.076,71.8785,0
165.923,79.787,0
175.554,78.3679,0
174.274,59.4421,0
179.282,115.665,0
177.357,79.739,0
183.99,108.043,0
180.506,79.9665,0
178.048,53.3714,0
165.405,81.6002,0
169.584,89.8689,0
180.46,76.4249,0
179.017,82.0935,0
174.804,69.9351,0
187.57,100.897,0
186.502,81.8065,0
182.288,88.7654,0
178.032,91.2875,0
173.323,89.8178,0
180.926,88.7026,0
180.165,116.511,0
186.699,93.9092,0
180.232,59.3357,0
188.989,111.961,0
177.222,113.251,0
172.196,83.1424,0
177.659,76.7444,0
175.08,60.6788,0
173.39,98.7242,0
179.984,121.879,0
181.419,99.5871,0
175.314,83.6616,0
168.138,78.139,0
179.941,102.716,0
163.556,70.9621,0
182.939,77.5789,0
175.251,66.3129,0
173.913,95.6242,0
173.106,86.3693,0
175.51,79.1604,0
185.237,104.625,0
172.19,79.8594,0
168.262,72.7892,0
171.639,99.6637,0
176.839,105.495,0
174.53,85.0244,0
177.634,64.0536,0
184.159,84.3397,0
168.77,81.3787,0
175.363,103.154,0
177.496,94.1485,0
178.739,105.791,0
176.159,105.549,0
174.756,100.696,0
176.981,64.2842,0
186.058,112.083,0
175.402,70.0116,0
166.434,64.9956,0
174.572,92.3124,0
179.456,91.0922,0
177.381,97.7152,0
163.931,88.8019,0
181.052,86.5856,0
182.343,102.32,0
170.135,77.3431,0
175.58,67.83,0
182.553,102.196,0
180.468,101.174,0
178.642,89.8559,0
181.898,72.2919,0
169.266,85.1081,0
178.857,113.205,0
169.528,83.5071,0
179.645,105.172,0
175.225,86.4871,0
176.428,121.261,0
174.372,75.0378,0
175.885,70.739,0
180.26,87.9827,0
182.908,62.1312,0
184.489,118.394,0
177.929,110.759,0
183.475,91.4772,0
179.913,104.594,0
163.378,79.9996,0
189.884,84.7927,0
177.754,123.889,0
179.431,83.645,0
170.209,86.1015,0
172.525,83.3659,0
174.236,80.2532,0
170.832,82.0966,0
173.894,87.8188,0
171.878,103.1,0
175.095,100.771,0
175.192,107.877,0
180.229,70.2396,0
175.129,96.4004,0
182.405,85.3947,0
182.936,114.186,0
170.104,73.1423,0
177.153,83.4545,0
178.33,86.4112,0
173.589,85.8597,0
167.26,76.9843,0
170.086,104.196,0
176.82,92.9843,0
183.648,105.076,0
178.801,123.905,0
171.725,90.2573,0
167.704,82.7079,0
181.981,88.7367,0
191.142,89.6022,0
181.232,89.8915,0
176.6,74.2456,0
172.901,90.167,0
180.575,73.4415,0
168.814,72.9031,0
166.964,99.2825,0
170.844,50.4535,0
180.797,95.5879,0
174.411,74.8482,0
165.848,101.146,0
170.133,75.366,0
175.428,92.683,0
172.994,109.208,0
174.264,86.1668,0
174.855,84.7477,0
185.204,90.1604,0
182.601,73.8957,0
173.8,97.6336,0
171.169,82.2247,0
172.306,86.6358,0
183.253,98.3507,0
179.436,115.312,0
174.721,77.3838,0
181.63,95.2228,0
174.556,85.1261,0
172.898,81.3729,0
170.313,107.39,0
171.038,101.279,0
184.872,67.5689,0
177.671,86.1926,0
172.783,93.3282,0
176.956,92.3899,0
184.484,121.866,0
182.792,86.3393,0
168.734,74.086,0
170.894,100.898,0
182.516,95.1079,0
170.287,75.1874,0
190.204,82.0794,0
175.921,111.286,0
186.084,101.439,0
170.214,98.4837,0
179.435,83.5799,0
177.571,124.163,0
180.545,108.195,0
178.903,94.8084,0
179.274,73.4661,0
178.395,86.0894,0
178.86,101.712,0
174.36,96.3859,0
169.477,91.4431,0
182.344,91.2744,0
175.084,79.7595,0
170.686,83.8113,0
179.337,126.159,0
187.726,107.96,0
182.355,107.142,0
186.583,106.58,0
191.588,108.462,0
180.305,60.5716,0
172.052,92.3704,0
162.1,63.5312,0
183.78,67.9038,0
177.159,58.8098,0
178.879,80.1031,0
169.25,73.0045,0
180.265,89.2203,0
179.73,84.5264,0
175.763,88.8927,0
184.723,102.269,0
173.63,98.6267,0
173.497,75.5959,0
179.223,103.529,0
163.377,77.4523,0
160.652,86.1916,0
191.54,63.2978,0
186.716,85.0867,0
188.149,93.136,0
174.044,105.8,0
172.416,100.863,0
184.762,98.8682,0
179.455,116.693,0
173.005,67.3782,0
171.7,74.8187,0
170.802,72.3126,0
166.926,100.576,0
179.989,116.883,0
170.983,81.9811,0
184.233,109.048,0
171.536,64.6524,0
181.866,87.2298,0
173.903,78.7385,0
179.848,89.1938,0
174.204,97.9229,0
180.708,93.5668,0
172.87,97.3476,0
183.056,104.648,0
186.249,73.6683,0
176.368,76.9082,0
180.265,79.2579,0
165.733,100.597,0
178.302,113.455,0
169.933,111.224,0
182.387,78.5819,0
187.019,105.87,0
170.498,109.856,0
181.802,100.581,0
171.39,79.4642,0
177.77,85.5925,0
173.686,107.116,0
177.603,81.4377,0
176.465,104.845,0
179.193,88.7456,0
179.208,91.5637,0
179.337,95.6665,0
180.528,108.967,0
177.896,45.9647,0
172.725,107.9,0
177.24,80.5578,0
174.272,86.6658,0
178.646,87.4505,0
162.594,88.2169,0
167.978,93.289,0
181.708,83.8879,0
172.328,78.9284,0
162.241,91.6547,0
181.586,85.4659,0
170.265,70.0871,0
182.044,93.8524,0
173.956,84.5237,0
167.106,73.9371,0
177.29,81.7152,0
175.084,91.7647,0
186.561,87.7965,0
178.666,97.9007,0
172.391,94.4611,0
177.107,72.9647,0
191.815,140.532,0
173.466,84.0279,0
171.565,100.73,0
177.687,71.6235,0
169.453,74.1966,0
170.392,90.0315,0
170.933,69.9191,0
175.816,84.7809,0
167.657,82.7168,0
186.378,112.765,0
176.197,63.1891,0
177.155,76.8556,0
169.61,72.7143,0
183.691,116.614,0
188.582,94.153,0
175.084,101.008,0
188.459,110.474,0
181.948,104.869,0
179.296,86.8625,0
176.965,63.0775,0
183.661,120.883,0
168.878,56.0447,0
184.431,100.462,0
151.162,58.1376,0
187.131,102.066,0
178.808,117.581,0
167.423,89.851,0
168.227,93.6655,0
179.911,111.463,0
183.717,102.003,0
179.398,88.3018,0
180.267,108.996,0
176.289,86.528,0
178.913,83.6635,0
179.771,118.743,0
161.925,89.7497,0
175.96,90.5022,0
168.838,83.5651,0
173.586,79.727,0
184.518,112.283,0
179.581,106.152,0
175.192,89.4508,0
181.897,118.603,0
170.671,86.1062,0
174.12,89.4287,0
165.43,61.287,0
163.719,79.9279,0
171.038,55.3242,0
174.659,89.5098,0
178.672,78.7434,0
165.255,95.9941,0
178.299,102.351,0
176.396,84.3256,0
159.181,81.4097,0
175.467,89.8709,0
172.731,94.5834,0
185.21,88.0078,0
165.694,75.3129,0
177.768,96.0916,0
180.312,97.2981,0
181.521,80.2534,0
179.931,100.297,0
178.292,114.514,0
181.702,72.3056,0
183.237,94.802,0
178.75,87.2637,0
185.357,105.419,0
172.004,68.8789,0
182.246,110.581,0
185.931,111.335,0
178.485,118.202,0
181.732,108.003,0
175.916,71.0586,0
174.711,86.3021,0
179.683,88.3367,0
173.486,89.506,0
170.503,116.096,0
165.346,77.7611,0
177.709,70.9054,0
173.24,84.3737,0
185.777,111.48,0
181.051,101.374,0
178.7,104.708,0
175.897,74.5353,0
168.755,112.396,0
179.552,107.416,0
183.337,83.6777,0
178.601,97.846,0
172.962,62.3119,0
177.465,110.621,0
175.259,90.4999,0
182.599,94.658,0
168.604,94.2691,0
174.627,99.2146,0
184.34,100.523,0
174.85,77.9602,0
172.122,102.516,0
179.538,96.0627,0
166.606,67.2861,1
167.132,85.2615,1
154.385,64.6618,1
166.265,87.9988,1
167.254,55.8791,1
161.667,82.2117,1
156.824,70.5569,1
164.32,78.9644,1
162.888,56.8063,1
156.553,59.0994,1
162.09,86.4247,1
165.947,31.3002,1
159.647,88.5311,1
169.014,77.1034,1
160.448,58.3736,1
165.322,81.9604,1
166.232,88.7171,1
172.026,80.8522,1
157.625,53.2068,1
166.004,65.8815,1
169.94,45.7416,1
158.432,75.7067,1
163.714,77.8976,1
162.721,86.4725,1
163.222,47.0359,1
170.041,108.999,1
158.28,78.291,1
172.769,73.0025,1
163.909,83.0097,1
162.526,74.5589,1
167.806,96.2114,1
165.163,85.6768,1
161.332,86.4998,1
160.733,71.6115,1
161.601,86.8068,1
159.641,83.9899,1
165.878,87.5112,1
153.361,59.439,1
168.056,49.9159,1
157.58,71.3938,1
161.899,79.3052,1
169.156,101.595,1
158.858,73.6773,1
157.992,84.9127,1
153.7,88.6,1
173.156,40.5263,1
170.35,65.0328,1
166.045,65.1321,1
163.481,64.9042,1
163.774,69.5117,1
162.831,79.2285,1
161.83,81.716,1
159.993,84.9948,1
158.829,75.3739,1
161.196,80.6059,1
157.997,62.728,1
169.662,102.83,1
167.004,95.9961,1
166.096,102.179,1
158.66,59.504,1
161.826,81.5548,1
165.083,80.2802,1
167.492,89.4726,1
158.512,54.5959,1
158.617,69.7015,1
158.108,87.5157,1
162.198,57.8238,1
162.122,77.3025,1
170.243,73.8896,1
171.132,86.6729,1
165.115,85.0793,1
157.287,88.0153,1
171.621,96.5211,1
170.365,44.4261,1
166.307,82.6662,1
160.629,98.2574,1
171.361,89.8684,1
159.784,55.9943,1
161.69,36.5647,1
153.791,57.5159,1
168.824,70.3609,1
165.081,88.6205,1
165.283,81.4413,1
161.353,67.4189,1
170.834,95.4816,1
169.389,83.5225,1
167.444,77.2134,1
176.49,105.498,1
156.597,64.2809,1
162.902,65.091,1
157.489,80.1299,1
159.306,86.1471,1
162.265,69.2609,1
153.176,58.4088,1
161.546,71.4944,1
161.114,37.094,1
159.172,61.3283,1
171.3,85.648,1
158.976,61.5941,1
155.577,62.351,1
157.584,49.8378,1
165.756,84.4116,1
155.435,29.9411,1
177.136,79.048,1
156.711,87.5352,1
176.98,70.7202,1
166.598,99.7234,1
161.86,86.6742,1
159.862,74.1492,1
162.224,54.0883,1
175.775,112.787,1
159.865,94.8422,1
170.351,63.714,1
169.897,108.057,1
152.016,71.8984,1
166.861,63.2194,1
168.612,79.7162,1
162.23,51.947,1
160.309,62.5759,1
162.626,78.8258,1
165.161,75.693,1
168.63,104.436,1
160.042,85.3024,1
161.089,55.9542,1
156.972,48.9024,1
161.552,91.4226,1
158.877,72.901,1
163.598,86.7453,1
150.096,63.7916,1
153.977,85.7859,1
169.791,80.487,1
153.032,63.8486,1
157.452,62.6175,1
155.481,59.9841,1
161.132,106.226,1
159.66,75.7143,1
160.167,100.603,1
162.179,83.9713,1
170.094,77.7351,1
164.523,69.6988,1
158.064,92.1647,1
163.151,81.0867,1
168.028,99.2958,1
158.955,84.694,1
168.141,67.1559,1
164.601,60.1864,1
159.092,57.0864,1
159.54,47.4151,1
174.18,80.8018,1
173.556,114.567,1
160.04,84.2598,1
167.447,58.1058,1
164.806,91.8228,1
158.524,51.6111,1
154.021,68.7644,1
167.084,90.7267,1
152.714,62.0543,1
166.794,59.0218,1
158.907,72.5903,1
151.477,87.9202,1
167.404,60.6639,1
166.044,84.4601,1
164.608,87.4614,1
163.701,66.6536,1
162.072,100.576,1
162.9,48.6819,1
156.399,43.4348,1
155.521,73.0052,1
162.516,83.9215,1
160.49,73.671,1
158.137,70.7924,1
164.813,67.3707,1
164.523,73.4735,1
159.892,73.0056,1
165.951,76.7219,1
156.381,69.7681,1
167.53,79.8951,1
156.031,58.7013,1
164.391,86.6766,1
164.071,66.2688,1
168.242,75.1539,1
171.907,91.779,1
164.175,75.7931,1
166.213,50.1552,1
156.177,83.4166,1
171.058,74.9587,1
163.364,72.2324,1
163.353,62.1053,1
168.296,72.9093,1
159.699,36.8729,1
159.825,82.6395,1
167.837,69.7495,1
167.404,95.9248,1
164.142,63.8394,1
156.546,61.1348,1
165.143,64.8273,1
158.681,77.2401,1
167.126,53.8495,1
167.262,86.688,1
163.663,74.5956,1
153.241,72.5792,1
165.324,74.3234,1
156.873,62.9492,1
168.858,78.4105,1
159.599,75.8277,1
165.668,85.0565,1
166.454,89.5919,1
152.622,61.5842,1
165.991,86.9842,1
159.721,71.9505,1
166.247,75.7989,1
159.621,78.3191,1
176.191,71.0885,1
161.179,63.1371,1
164.28,64.1288,1
168.755,76.9979,1
168.693,66.8566,1
164.45,86.217,1
171.48,101.259,1
167.733,103.813,1
162.115,64.1146,1
168.689,75.7082,1
163.113,94.3343,1
172.677,113.47,1
163.591,55.0059,1
164.032,56.1476,1
172.472,83.9141,1
162.989,70.1702,1
167.068,57.7313,1
158.228,60.1654,1
161.878,72.0261,1
165.506,57.6221,1
159.473,63.1676,1
165.377,72.8589,1
166.826,76.1243,1
162.156,63.887,1
148.755,57.6167,1
164.176,67.4441,1
162.837,78.328,1
158.076,42.8615,1
160.047,65.4877,1
165.251,76.1557,1
155.073,73.9759,1
165.62,80.2009,1
158.734,67.7408,1
170.407,86.3045,1
160.437,83.5436,1
165.462,64.7193,1
163.529,82.2222,1
159.184,57.532,1
163.599,58.636,1
159.499,54.4943,1
161.486,77.1688,1
164.656,88.0256,1
157.739,75.1087,1
166.839,59.5889,1
166.529,90.9288,1
161.835,69.9589,1
155.348,85.4413,1
165.535,118.195,1
165.764,75.6968,1
168.037,62.8648,1
167.168,82.7874,1
162.161,66.4636,1
160.178,77.4927,1
166.609,85.4151,1
161.662,81.6912,1
164.426,74.2776,1
161.086,62.3703,1
160.094,82.7603,1
175.379,59.9175,1
161.531,58.4616,1
160.781,61.3442,1
158.556,37.894,1
162.089,72.5462,1
156.931,48.3135,1
168.565,69.6381,1
165.402,66.4259,1
163.11,66.5205,1
171.403,61.1716,1
159.625,39.8764,1
161.603,54.4577,1
155.972,60.0281,1
160.868,56.757,1
166.457,64.3481,1
165.196,83.5545,1
155.747,88.5436,1
149.852,70.1607,1
157.633,59.7453,1
164.314,81.7647,1
165.326,69.7589,1
160.734,63.3419,1
156.646,85.1861,1
163.843,59.2758,1
160.965,68.3605,1
169.338,68.8524,1
157.307,68.441,1
154.739,84.9014,1
156.119,45.7726,1
173.008,58.0243,1
160.884,103.293,1
165.364,88.0924,1
161.046,97.3356,1
169.498,81.0197,1
166.887,77.1961,1
162.106,69.2384,1
159.42,79.5392,1
161.542,80.1501,1
164.094,65.1546,1
163.858,74.6898,1
159.713,56.1017,1
166.114,77.9234,1
169.075,67.6893,1
161.733,59.3289,1
160.126,86.6513,1
163.193,73.3288,1
172.398,98.8907,1
167.689,107.97,1
162.972,54.446,1
163.795,74.9236,1
164.53,67.5816,1
157.398,90.853,1
169.107,104.265,1
169.689,75.7152,1
168.704,103.338,1
168.155,75.0917,1
172.954,124.009,1
161.963,93.9829,1
160.62,67.1281,1
172.195,31.463,1
161.795,66.0051,1
161.008,75.5726,1
162.426,88.7961,1
172.663,113.014,1
164.142,70.8963,1
143.845,53.2089,1
158.963,78.5363,1
166.122,74.486,1
162.71,75.1804,1
164.836,80.939,1
171.891,85.0547,1
165.882,71.7912,1
160.77,65.9777,1
156.192,83.3231,1
167.865,79.9298,1
161.223,70.7038,1
165.443,76.0129,1
163.485,52.1886,1
168.565,84.8562,1
154.512,71.8328,1
163.838,69.3663,1
168.728,91.3497,1
163.085,104.202,1
162.516,58.6708,1
158.376,54.2538,1
163.573,63.1201,1
161.175,56.946,1
159.003,58.9744,1
151.142,70.2917,1
172.524,97.2247,1
155.237,49.3669,1
168.639,63.0673,1
156.815,49.2816,1
155.976,48.6376,1
164.045,94.1077,1
160.29,70.2459,1
166.52,95.9803,1
167.194,83.8421,1
167.05,76.6038,1
164.313,80.9675,1
166.548,74.8997,1
168.571,89.2881,1
163.993,110.899,1
156.577,66.528,1
160.591,77.5504,1
160.563,76.4236,1
169.427,91.706,1
172.366,68.8071,1
169.474,72.5657,1
171.417,64.7943,1
163.673,49.3794,1
170.581,118.204,1
162.975,72.3501,1
158.925,81.3764,1
163.129,73.565,1
164.82,102.472,1
158.695,68.2454,1
165.12,65.6419,1
165.864,67.1137,1
169.105,79.364,1
169.97,47.261,1
156.508,63.2416,1
169.852,86.4314,1
165.815,102.414,1
160.032,51.7901,1
169.746,73.2648,1
168.246,75.6344,1
167.067,64.9084,1
159.596,85.4746,1
163.645,79.0623,1
167.879,83.0724,1
165.237,81.0112,1
160.667,78.3497,1
149.691,72.202,1
160.621,50.9673,1
157.673,105.419,1
164.572,77.6584,1
161.274,71.6497,1
157.791,85.7698,1
162.592,77.6539,1
167.168,72.64,1
164.872,75.8664,1
160.273,61.5323,1
166.331,82.5331,1
159.292,72.2268,1
174.103,91.4617,1
163.923,81.4125,1
170.187,92.3345,1
160.308,95.4815,1
164.714,95.8051,1
157.499,70.3195,1
163.48,97.3289,1
159.61,74.0335,1
165.99,80.4848,1
157.839,57.4908,1
163.14,62.5847,1
170.004,45.8415,1
158.89,74.2866,1
169.149,62.1507,1
168.066,98.4405,1
161.774,70.4105,1
171.015,70.8733,1
165.232,68.9349,1
147.041,48.0206,1
161.23,38.0051,1
166.189,71.5735,1
166.633,24.8533,1
172.358,68.3736,1
161.841,71.8881,1
169.343,74.0384,1
166.748,93.822,1
165.291,100.472,1
162.363,97.6924,1
177.488,73.7212,1
166.465,59.775,1
166.544,79.1527,1
161.468,97.6032,1
165.326,102.395,1
161.792,108.85,1
162.681,90.0645,1
166.416,67.1727,1
161.792,93.259,1
153.344,64.0283,1
164.775,62.8023,1
162.227,70.6143,1
151.728,72.5457,1
161.15,100.341,1
165.893,87.1418,1
166.716,66.4734,1
166.465,74.9794,1
161.793,93.7431,1
158.739,69.9582,1
156.096,45.1411,1
153.851,73.9613,1
156.57,72.6939,1
163.873,73.5001,1
164.326,64.2215,1
156.835,86.8642,1
162.581,85.3776,1
157.261,60.1144,1
162.452,65.4919,1
165.046,72.0369,1
151.744,38.0282,1
168.523,92.286,1
161.668,77.2535,1
158.944,84.3614,1
159.163,87.3724,1
166.056,61.8898,1
160.802,71.2553,1
167.021,65.4283,1
160.823,97.9424,1
170.306,68.6706,1
168.742,108.624,1
155.8,52.4322,1
159.785,68.763,1
153.024,57.4532,1
155.712,72.4634,1
159.012,49.3866,1
175.161,103.458,1
162.868,81.0616,1
166.291,85.4328,1
160.617,66.4096,1
161.525,60.5288,1
163.876,83.4641,1
164.366,55.387,1
160.798,86.0836,1
159.191,55.1787,1
162.766,81.9291,1
156.734,66.0748,1
168.249,77.2838,1
170.087,90.8145,1
161.465,48.6778,1
169.412,85.5794,1
154.541,73.9768,1
157.076,74.0395,1
162.086,69.5492,1
163.393,78.2203,1
157.642,60.4897,1
162.464,89.5604,1
165.612,69.171,1
170.74,66.1827,1
167.937,76.8931,1
168.773,74.0156,1
166.17,45.997,1
157.875,71.3538,1
161.651,60.4899,1
155.703,70.1365,1
165.026,80.541,1
167.264,69.43,1
160.782,68.1189,1
173.034,69.5652,1
158.568,58.9136,1
169.584,62.8578,1
158.991,41.3169,1
154.861,52.0403,1
157.924,63.8357,1
165.955,93.0129,1
169.148,85.4093,1
165.69,79.2017,1
157.968,44.4042,1
168.923,66.1262,1
176.559,92.6463,1
161.252,75.0047,1
160.821,68.7344,1
166.259,73.5122,1
165.553,88.5754,1
161.131,54.7595,1
166.606,83.9252,1
162.881,38.2074,1
167.03,85.3538,1
161.547,57.05,1
156.555,45.9137,1
165.618,76.685,1
161.333,76.123,1
162.886,66.7222,1
165.735,86.5795,1
169.433,95.7491,1
154.378,81.8329,1
163.749,70.2307,1
174.274,59.3069,1
168.104,79.159,1
159.583,67.819,1
167.754,65.9079,1
155.024,70.6362,1
172.133,68.7757,1
168.869,85.7637,1
165.552,54.6695,1
160.688,92.4401,1
164.124,58.0321,1
159.134,82.3277,1
158.926,63.3844,1
175.871,105.816,1
166.056,73.1794,1
162.57,81.6532,1
158.19,39.4019,1
166.864,38.4903,1
159.044,90.1526,1
155.691,85.6075,1
168.815,68.7565,1
170.085,50.8872,1
153.733,58.178,1
160.838,72.7447,1
161.831,60.1509,1
171.4,99.8209,1
157.118,36.9638,1
160.376,64.0156,1
169.968,74.186,1
165.559,44.7896,1
166.062,101.886,1
163.146,84.2401,1
169.36,72.4454,1
161.363,64.2111,1
164.766,89.7145,1
162.217,62.5677,1
166.817,91.6149,1
156.229,61.7027,1
160.31,76.274,1
162.294,59.1862,1
167.057,100.132,1
157.038,75.2297,1
160.781,58.8195,1
164.505,87.4046,1
166.631,72.4146,1
163.212,66.6965,1
162.571,88.4253,1
164.11,76.0508,1
158.356,70.0993,1
160.373,51.8785,1
174.548,70.3652,1
164.392,100.309,1
163.309,54.5049,1
157.659,61.8193,1
155.933,52.8934,1
158.623,79.3654,1
159.431,48.9381,1
160.692,90.7138,1
170.162,94.9198,1
159.667,89.343,1
165.6,85.1979,1
162.895,74.5606,1
157.959,54.0192,1
161.597,101.709,1
158.192,58.502,1
164.245,59.5322,1
167.4,89.6294,1
161.008,51.4704,1
163.884,56.0425,1
149.479,43.8184,1
160.023,109.895,1
156.211,46.8297,1
170.529,92.4415,1
157.462,69.4374,1
160.973,65.9254,1
159.16,52.2003,1
149.8,53.3463,1
157.943,81.9016,1
168.664,71.7174,1
173.338,96.8152,1
152.941,49.4002,1
168.614,80.6377,1
151.81,53.4391,1
165.781,94.1395,1
174.379,63.5569,1
164.831,71.058,1
171.035,74.5429,1
155.431,39.4748,1
162.683,82.9277,1
162.519,47.7288,1
164.208,99.2911,1
164.672,65.2559,1
160.309,71.7634,1
163.41,73.3369,1
159.455,71.7945,1
164.326,82.651,1
161.289,66.5055,1
173.362,96.3512,1
160.84,59.5462,1
158.075,73.6927,1
158.323,57.7171,1
164.989,46.6903,1
161.472,101.886,1
163.413,74.195,1
167.569,94.4415,1
156.25,80.2977,1
159.903,77.9874,1
157.791,51.6017,1
169.143,44.0772,1
166.799,66.7539,1
163.24,54.4913,1
169.631,109.845,1
167.978,60.1752,1
170.486,57.5825,1
155.686,79.3911,1
154.432,43.2232,1
159.787,62.4019,1
149.681,70.4277,1
158.63,56.7486,1
157.655,70.7648,1
152.259,72.5391,1
159.503,86.0545,1
163.064,96.1668,1
168.478,66.0532,1
169.443,54.5201,1
166.965,88.5053,1
168.077,72.8177,1
164.57,96.6104,1
162.177,83.7142,1
165.793,73.7646,1
158.648,68.9519,1
160.351,88.7744,1
173.885,77.6184,1
157.889,83.3593,1
159.061,47.9915,1
162.591,83.1019,1
160.595,71.0026,1
169.554,89.5733,1
168.549,95.0294,1
165.139,81.0864,1
162.137,89.66,1
160.621,80.2791,1
164.907,74.9574,1
162.878,75.7595,1
160.895,75.136,1
165.122,88.5383,1
167.755,55.1764,1
160.789,74.8586,1
163.115,53.9609,1
160.769,53.3977,1
165.853,79.5272,1
167.621,116.465,1
164.019,52.949,1
178.885,70.8743,1
152.745,71.5581,1
155.9,47.3045,1
162.317,92.1617,1
166.417,74.7623,1
162.573,73.9758,1
159.981,66.1815,1
160.213,63.3761,1
170.468,90.06,1
156.521,59.3258,1
160.877,86.6845,1
164.246,69.4759,1
161.689,72.98,1
168.591,84.1976,1
165.908,61.334,1
172.658,99.6848,1
162.77,74.7291,1
167.198,72.8295,1
160.929,94.5807,1
165.317,74.4287,1
170.126,78.6815,1
158.067,59.4258,1
152.867,50.4593,1
171.357,89.953,1
171.198,67.9002,1
162.547,53.4451,1
154.961,72.9275,1
166.435,67.1933,1
163.442,61.2343,1
171.566,71.2919,1
157.952,69.7927,1
167.956,73.4456,1
159.88,66.7469,1
158.849,67.1964,1
162.679,81.0657,1
159.615,87.3916,1
155.582,88.876,1
161.906,66.2554,1
163.319,102.592,1
153.183,63.5286,1
160.673,69.2109,1
167.245,83.8566,1
155.775,58.3007,1
173.928,114.923,1
160.12,57.8941,1
160.581,75.7403,1
164.397,89.996,1
162.471,66.3472,1
157.217,48.7555,1
164.636,70.7806,1
165.758,62.4507,1
164.241,78.5054,1
167.314,59.9458,1
165.877,67.5058,1
167.993,118.383,1
157.273,71.6459,1
157.193,82.6329,1
151.062,66.8659,1
160.793,58.0254,1
166.934,71.4455,1
156.228,48.8627,1
165.632,87.8041,1
163.208,78.3403,1
170.522,96.6849,1
158.359,57.3695,1
163.177,74.7209,1
170.897,63.8859,1
157.805,75.4281,1
168.015,82.4583,1
163.205,72.3166,1
163.332,63.777,1
158.305,51.5028,1
167.36,41.2755,1
174.451,105.391,1
168.752,44.351,1
166.773,96.6478,1
156.301,67.81,1
168.674,70.2068,1
164.919,85.7492,1
154.057,73.4028,1
163.601,66.9186,1
169.018,74.7139,1
161.996,78.5756,1
165.766,83.2018,1
179.467,58.3081,1
163.982,85.0732,1
159.768,75.233,1
164.039,67.3271,1
165.682,64.5068,1
159.043,88.8915,1
158.926,62.9608,1
164.856,78.5517,1
162.49,100.115,1
170.031,89.8617,1
156.951,57.8732,1
169.536,82.9574,1
157.305,71.2611,1
161.767,65.1164,1
162.903,70.369,1
163.395,78.0008,1
172.487,111.389,1
165.509,77.4793,1
153.177,65.9344,1
160.874,80.8258,1
174.148,80.9827,1
167.778,53.0951,1
156.596,74.4597,1
160.432,73.0923,1
156.812,87.0016,1
155.009,92.2415,1
164.431,87.9555,1
162.881,70.1031,1
165.751,69.0547,1
159.786,63.709,1
169.643,95.4968,1
158.358,66.3792,1
167.71,92.9536,1
167.98,61.7438,1
172.435,97.2612,1
170.17,79.4826,1
172.883,116.75,1
176.239,91.0612,1
167.143,84.4035,1
169.086,74.3026,1
162.182,65.8386,1
163.254,59.1229,1
166.441,85.9724,1
161.09,79.1843,1
177.38,85.613,1
169.605,71.3176,1
161.86,65.1813,1
161.148,83.3788,1
159.523,89.2542,1
168.126,54.3841,1
164.892,75.358,1
169.115,86.6843,1
171.816,81.5291,1
171.078,79.8214,1
162.079,75.3011,1
170.434,68.935,1
173.434,101.659,1
164.315,74.7977,1
166.492,80.4243,1
149.071,55.8512,1
161.57,60.4437,1
166.662,76.648,1
157.871,69.1179,1
165.369,107.524,1
158.282,58.7846,1
152.422,57.2166,1
167.51,76.1023,1
167.507,101.645,1
165.82,91.6643,1
169.892,74.2467,1
154.93,83.8341,1
168.874,63.9772,1
161.049,76.1036,1
157.123,85.7424,1
168.918,79.9434,1
164.047,82.2195,1
162.025,88.9699,1
170.232,72.4024,1
161.162,72.9228,1
163.499,72.744,1
162.16,49.9575,1
162.483,83.1525,1
162.668,85.2829,1
164.987,43.4884,1
163.478,62.0769,1
160.081,55.0072,1
163.424,61.2303,1
159.868,50.3628,1
158.657,90.8458,1
169.251,62.8393,1
168.444,24.1686,1
162.744,41.0124,1
161.311,81.7822,1
162.2,82.9947,1
158.206,54.9522,1
154.42,75.54,1
156.157,63.2743,1
164.567,65.6348,1
168.145,54.5267,1
154.793,89.0124,1
159.316,82.9391,1
161.375,81.5844,1
160.145,65.7025,1
157.629,59.9505,1
161.285,62.7379,1
164.18,75.0581,1
151.309,74.9778,1
170.776,93.9714,1
167.122,65.2642,1
174.051,71.6849,1
164.974,95.784,1
161.18,98.6973,1
159.874,89.2116,1
160.247,58.3182,1
162.147,57.9628,1
158.487,85.6072,1
160.067,94.8199,1
161.223,44.3876,1
160.879,95.3287,1
162.147,80.3719,1
167.256,88.266,1
163.15,71.158,1
161.714,78.148,1
164.564,67.5416,1
170.292,70.4012,1
154.637,84.5499,1
164.237,78.509,1
164.106,53.9458,1
168.502,77.3553,1
158.145,104.556,1
161.587,87.2747,1
158.59,53.5823,1
156.096,69.1389,1
152.904,79.134,1
162.468,45.209,1
163.556,75.5135,1
170.123,79.0521,1
161.122,64.3404,1
170.615,102.882,1
167.389,75.6992,1
169.293,44.5017,1
159.862,75.9014,1
169.25,79.0309,1
167.188,50.8067,1
160.649,72.2052,1
164.904,64.6266,1
162.648,84.4718,1
168.583,90.7694,1
164.686,71.6009,1
159.974,87.0961,1
155.045,82.7364,1
170.641,73.3624,1
167.336,83.5284,1
161.487,79.3,1
172.603,72.7492,1
170.551,98.0406,1
171.928,82.4477,1
168.11,77.4142,1
152.261,50.3967,1
154.53,54.8279,1
157.133,67.4638,1
167.077,102.71,1
156.688,70.6666,1
162.629,105.294,1
171.263,82.6865,1
159.833,89.607,1
165.336,87.8576,1
163.672,109.258,1
166.261,68.7963,1
161.755,82.3869,1
160.052,70.1442,1
161.615,76.5983,1
155.221,84.6416,1
166.859,73.3167,1
171.488,58.5833,1
152.237,46.1261,1
163.842,70.0768,1
163.277,101.342,1
165.745,81.8676,1
167.785,101.014,1
160.763,67.9433,1
160.092,72.0708,1
156.91,63.3796,1
157.928,100.07,1
158.417,78.3247,1
170.47,68.6525,1
172.155,93.5502,1
156.782,52.6855,1
166.372,104.861,1
162.466,69.8518,1
164.603,83.9035,1
167.03,74.2119,1
163.868,61.3928,1
155.771,90.9222,1
156.53,85.1968,1
157.838,60.5296,1
166.077,72.8435,1
164.404,20.9035,1
165.736,100.605,1
155.191,41.3429,1
165.268,56.6335,1
159.508,39.794,1
163.311,82.8967,1
164.614,76.8474,1
159.538,85.2333,1
168.722,70.2128,1
166.814,93.4236,1
178.001,77.4493,1
166.487,57.6724,1
167.909,117.499,1
162.99,65.47,1
154.269,63.6299,1
162.074,81.5429,1
162.409,74.5418,1
172.135,103.614,1
164.44,83.0451,1
157.895,82.6287,1
163.095,60.891,1
155.571,80.6629,1
165.839,89.7464,1
164.525,74.1716,1
152.744,61.4244,1
158.03,47.6435,1
168.171,82.4877,1
168.293,86.2087,1
166.257,113.111,1
170.434,44.1885,1
166.029,92.6661,1
161.999,88.5469,1
167.553,83.7223,1
160.683,63.9747,1
152.151,61.0613,1
162.983,76.5566,1
165.545,66.5837,1
163.242,52.9364,1
164.259,93.0022,1
172.034,84.721,1
154.908,56.9169,1
169.852,121.77,1
166.405,59.845,1
169.24,78.9985,1
156.643,75.9913,1
159.719,38.2142,1
164.966,72.6969,1
164.828,77.1595,1
158.069,66.2185,1
168.503,82.0287,1
158.469,74.1564,1
166.847,89.0798,1
167.552,78.9774,1
161.71,68.5079,1
161.469,73.4247,1
160.515,97.9493,1
171.874,105.099,1
170.523,123.473,1
164.791,60.5184,1
156.993,53.5409,1
170.685,81.1708,1
159.862,46.8307,1
158.73,53.1952,1
160.423,62.4556,1
164.085,78.2988,1
165.483,74.0666,1
160.91,63.8361,1
159.663,63.8221,1
166.195,67.1779,1
162.616,78.7994,1
172.969,90.6855,1
170.175,90.0977,1
161.235,61.6084,1
161.427,78.251,1
165.695,67.5517,1
176.451,83.4061,1
156.083,73.3812,1
174.624,47.8197,1
163.677,79.1049,1
159.574,65.6674,1
162.753,49.1208,1
167.497,52.9138,1
168.018,72.0634,1
170.082,57.4258,1
159.901,59.3383,1
160.214,61.8902,1
166.835,77.8326,1
165.204,78.4754,1
157.756,58.3236,1
176.565,79.0187,1
158.955,76.0656,1
154.431,88.1499,1
167.687,81.554,1
162.226,105.964,1
155.349,65.9734,1
172.286,85.6657,1
157.046,59.9044,1
164.999,72.5791,1
175.263,86.153,1
163.044,47.1289,1
163.855,59.4838,1
162.601,64.6652,1
165.997,95.6878,1
157.745,43.5192,1
161.072,82.9616,1
159.759,109.016,1
155.348,71.7838,1
164.12,87.6416,1
162.524,71.0509,1
162.582,90.6932,1
167.2,94.949,1
166.461,61.3951,1
163.837,85.0988,1
168.549,74.8879,1
173.804,71.2677,1
163.618,84.4697,1
167.532,69.0062,1
170.638,82.2653,1
160.659,46.1867,1
166.028,43.459,1
167.66,47.0582,1
163.305,109.451,1
157.187,73.4197,1
158.604,74.3013,1
171.505,75.6297,1
155.208,44.3942,1
169.596,65.6213,1
158.481,96.0832,1
157.809,58.4959,1
161.936,71.1268,1
169.129,101.712,1
162.479,64.0321,1
149.111,61.945,1
168.821,61.4148,1
158.905,52.1372,1
161.66,49.2252,1
157.998,81.8067,1
166.304,64.7595,1
168.33,76.7423,1
152.709,69.9569,1
159.625,84.9541,1
169.134,69.4502,1
165.728,48.8929,1
165.878,67.5229,1
166.18,75.8004,1
170.221,70.3157,1
162.983,68.8132,1
162.74,95.5975,1
157.815,90.229,1
164.144,92.2253,1
166.9,92.2749,1
164.725,74.2127,1
154.778,70.6612,1
159.964,43.4272,1
160.26,90.4435,1
171.521,129.79,1
166.698,63.6972,1
163.574,88.2997,1
161.744,59.3652,1
159.692,36.9466,1
168.448,72.9907,1
157.727,71.872,1
162.163,58.1701,1
163.485,86.3459,1
164.563,82.375,1
160.029,59.4686,1
159.26,61.3894,1
171.689,88.982,1
164.626,68.2969,1
154.078,75.4475,1
165.765,59.7169,1
163.123,62.1951,1
165.331,78.7261,1
160.221,51.3762,1
167.009,91.2851,1
154.866,60.6677,1
167.471,75.4631,1
161.291,66.0277,1
168.151,90.8623,1
164.334,70.489,1
156.141,40.7497,1
168.173,50.8692,1
160.715,71.211,1
157.887,61.8576,1
169.392,98.7034,1
152.202,75.7976,1
169.572,81.7174,1
164.218,70.6596,1
169.903,98.5023,1
152.271,91.8375,1
177.061,82.9856,1
170.644,89.7667,1
160.41,59.7054,1
162.4,96.5562,1
166.924,67.2844,1
154.062,77.5049,1
160.038,80.7561,1
163.254,64.1483,1
167.563,36.5368,1
172.376,83.8671,1
158.79,100.045,1
161.969,64.1405,1
168.469,92.5165,1
156.38,74.5164,1
166.501,87.3776,1
176.715,88.5287,1
155.177,52.8813,1
167.329,49.1681,1
154.16,72.5118,1
169.778,65.8229,1
153.576,89.6188,1
160.511,86.7724,1
167.011,76.777,1
157.385,54.1725,1
162.465,98.8629,1
158.682,57.5004,1
161.24,88.86,1
158.461,82.979,1
173.621,72.9771,1
163.719,85.1625,1
169.144,102.55,1
153.305,68.4035,1
168.656,71.691,1
159.95,90.5863,1
170.324,107.686,1
157.899,86.972,1
166.458,46.2027,1
156.975,59.0008,1
164.672,83.2705,1
157.452,20.2126,1
170.942,102.573,1
162.983,58.4367,1
157.676,81.0133,1
162.553,73.8428,1
158.414,85.7009,1
178.534,113.981,1
159.544,92.5817,1
152.432,86.1316,1
157.973,69.3116,1
161.02,50.8565,1
159.833,73.9451,1
170.801,62.7196,1
160.638,44.9595,1
161.677,87.6652,1
169.682,65.2632,1
169.921,75.4924,1
170.563,83.8832,1
165.307,80.2877,1
161.957,67.4118,1
158.973,59.6579,1
168.267,73.1139,1
150.409,68.7717,1
157.867,65.6126,1
162.142,72.1481,1
168.854,87.1701,1
164.212,84.038,1
169.347,63.7499,1
160.504,60.8637,1
164.117,45.176,1
157.201,72.327,1
155.852,71.1908,1
160.897,117.796,1
163.748,95.3556,1
162.533,61.4218,1
160.43,85.7239,1
169.317,68.8152,1
164.524,69.8966,1
163.985,108.116,1
169.768,98.3751,1
159.754,104.496,1
171.686,78.26,1
166.624,81.4806,1
165.473,88.3537,1
171.008,99.8429,1
162.989,73.175,1
169.665,67.366,1
163.791,62.9546,1
160.999,59.2967,1
162.567,91.4533,1
161.664,85.0362,1
171.294,76.6187,1
156.262,69.1723,1
171.517,61.9254,1
159.064,66.8745,1
160.854,77.6143,1
160.534,67.0556,1
173.016,134.766,1
154.953,74.5225,1
164.265,76.3282,1
165.898,94.2041,1
161.68,88.904,1
158.91,50.6695,1
162.608,68.732,1
165.8,80.507,1
160.166,80.6358,1
168.609,77.4071,1
153.251,62.9414,1
163.254,74.4592,1
167.959,78.0049,1
151.084,66.6874,1
170.645,76.622,1
156.248,66.163,1
163.381,25.1834,1
165.768,77.0798,1
160.258,70.7917,1
164.509,83.0269,1
164.109,68.3548,1
172.161,73.3058,1
153.64,40.0323,1
162.112,57.7043,1
170.586,68.04,1
163.108,68.1011,1
158.724,62.3821,1
160.293,93.199,1
169.045,75.2544,1
167.167,97.9401,1
164.021,70.4181,1
162.424,80.6753,1
161.439,70.0541,1
168.333,79.2813,1
166.129,61.2345,1
166.548,93.5318,1
167.144,78.079,1
169.197,93.8448,1
155.38,42.0829,1
162.762,56.5099,1
162.009,62.7605,1
160.991,62.7588,1
160.673,84.5273,1
167.16,62.5115,1
159.241,83.4915,1
156.522,87.1017,1
152.245,24.9184,1
158.749,80.0299,1
165.206,82.126,1
157.515,65.6001,1
156.825,61.1086,1
157.307,93.0838,1
172.621,54.8874,1
160.75,58.6473,1
168.185,59.6081,1
169.535,116.502,1
164.875,73.8693,1
164.031,72.3981,1
154.156,68.4707,1
170.541,98.6827,1
164.95,101.384,1
164.64,47.7945,1
168.011,96.1011,1
165.711,88.0054,1
168.909,110.906,1
164.298,90.7342,1
158.108,106.676,1
160.503,40.7439,1
154.844,49.7185,1
163.445,92.8215,1
166.217,59.3128,1
164.641,102.751,1
156.515,86.82,1
169.209,51.2247,1
174.492,60.4639,1
171.951,130.93,1
154.155,78.9097,1
155.271,68.8882,1
164.851,71.2891,1
165.144,52.0295,1
170.095,65.1052,1
157.188,74.9818,1
166.176,63.4994,1
169.628,102.435,1
164.753,90.4777,1
166.045,96.4713,1
162.059,86.4309,1
170.823,63.6375,1
167.891,77.2782,1
163.585,80.9603,1
164.204,74.7107,1
163.682,74.869,1
162.068,86.2214,1
161.507,53.8617,1
168.803,64.069,1
162.341,88.963,1
169.004,100.257,1
161.85,55.9522,1
159.66,98.5737,1
155.857,86.0368,1
166.675,65.0693,1
155.764,54.1363,1
170.29,64.7008,1
173.797,88.8641,1
165.734,91.7299,1
172.106,91.8931,1
165.216,85.8966,1
168.644,67.9587,1
158.352,77.6308,1
154.388,73.105,1
175.716,97.402,1
166.7,86.9249,1
156.501,41.932,1
160.74,73.1511,1
163.179,74.1042,1
154.419,51.1331,1
155.999,91.361,1
152.846,71.919,1
170.94,63.0157,1
169.967,108.065,1
173.602,118.141,1
161.575,76.1325,1
162.397,75.3207,1
162.531,53.4928,1
163.996,51.8958,1
167.024,86.3652,1
169.813,94.6329,1
161.21,79.3191,1
162.675,105.195,1
159.882,75.0723,1
166.659,57.8963,1
163.197,67.7435,1
169.083,53.3093,1
156.227,53.9428,1
173.41,97.8818,1
168.276,95.0577,1
167.985,123.829,1
165.05,102.285,1
161.97,52.3974,1
155.715,54.9271,1
179.146,64.0196,1
166.175,68.4022,1
166.166,59.3387,1
168.036,59.0225,1
168.623,73.8402,1
168.24,66.9364,1
155.645,52.7413,1
173.12,64.1061,1
156.411,87.2907,1
167.168,70.255,1
163.224,86.967,1
165.701,97.3253,1
162.574,83.9597,1
157.533,73.0436,1
169.409,90.4308,1
160.969,61.9026,1
167.376,87.5692,1
169.197,80.3983,1
168.071,71.773,1
168.97,100.232,1
167.363,66.3796,1
165.493,73.2694,1
152.655,39.7985,1
168.355,69.8451,1
171.019,108.881,1
169.875,98.677,1
158.741,88.1826,1
169.265,104.675,1
158.811,52.3464,1
158.653,48.5719,1
169.283,56.3743,1
156.847,50.4126,1
162.039,85.6737,1
165.595,77.59,1
166.955,87.0369,1
163.082,106.237,1
169.163,59.8575,1
159.639,79.418,1
166.865,93.7243,1
169.617,73.6745,1
160.88,93.5765,1
169.599,58.4946,1
160.008,70.805,1
157.912,36.5649,1
165.842,122.649,1
154.249,77.7643,1
155.582,52.8927,1
168.978,84.4402,1
173.422,102.033,1
173.132,109.011,1
175.443,49.5347,1
167.6,63.7923,1
164.539,81.4622,1
160.699,80.9953,1
160.912,69.5611,1
160.22,73.4955,1
163.198,80.8171,1
166.339,74.7224,1
168.083,71.1786,1
173.803,67.4539,1
159.486,65.976,1
158.929,82.1171,1
158.936,64.3408,1
166.228,64.9096,1
158.636,76.2253,1
162.679,80.8237,1
153.93,72.4453,1
165.547,78.3648,1
163.876,50.7311,1
162.017,56.0968,1
167.474,69.2122,1
166.871,65.9439,1
171.123,59.7307,1
172.955,55.3531,1
162.401,56.4228,1
156.669,75.4718,1
163.23,84.2475,1
167.44,93.0193,1
165.67,75.7208,1
164.462,62.5034,1
164.127,97.3092,1
157.498,55.6802,1
169.107,79.1902,1
167.197,64.4345,1
168.335,61.4277,1
169.608,71.8528,1
161.843,64.8677,1
164.194,61.2742,1
165.623,90.5875,1
160.106,53.1339,1
158.933,82.3576,1
166.9,91.4322,1
165.092,52.5436,1
158.938,104.448,1
150.361,43.149,1
156.434,47.0987,1
161.948,82.0317,1
162.037,91.1019,1
167.06,78.0458,1
167.841,99.5821,1
160.708,90.1383,1
163.74,98.4071,1
160.79,78.3552,1
168.61,57.5609,1
169.657,37.4803,1
164.125,70.6437,1
161.791,70.5153,1
165.987,104.689,1
164.059,64.3704,1
157.392,57.8415,1
157.327,54.3452,1
164.983,62.6275,1
165.533,82.9644,1
160.363,41.9772,1
164.406,75.982,1
167.257,87.1244,1
165.164,73.0714,1
167.237,87.9663,1
161.635,93.4197,1
164.446,86.4637,1
161.274,76.5942,1
159.194,56.0965,1
168.858,73.8138,1
153.226,45.4369,1
169.763,83.7669,1
158.578,77.2895,1
157.204,66.2733,1
167.095,92.1018,1
170.237,94.8913,1
159.415,59.1137,1
163.135,49.9193,1
159.496,53.5094,1
170.991,66.973,1
167.813,110.396,1
168.601,77.2803,1
167.137,87.2007,1
165.163,52.6725,1
156.144,90.3887,1
161.573,89.0465,1
164.099,95.878,1
166.154,68.605,1
162.76,127.879,1
166.008,105.624,1
163.037,97.5072,1
160.209,89.3461,1
173.063,84.3977,1
163.519,92.1458,1
160.889,98.7616,1
172.073,75.571,1
166.078,79.792,1
160.944,89.9725,1
161.877,79.4917,1
164.108,74.2209,1
151.122,66.8514,1
163.971,76.907,1
162.38,82.0034,1
170.006,79.8742,1
157.084,43.7737,1
153.981,65.2592,1
159.739,49.2924,1
169.225,56.3874,1
167.364,62.3259,1
163.395,89.8008,1
165.255,70.7088,1
162.884,69.7378,1
168.821,79.0797,1
167.604,104.524,1
155.313,72.9305,1
159.224,59.0642,1
158.217,107.574,1
168.271,84.4553,1
169.616,101.523,1
160.792,71.146,1
164.705,89.3884,1
171.461,71.4323,1
158.591,62.9666,1
165.497,98.1241,1
160.993,84.2767,1
163.201,56.0624,1
167.509,85.1052,1
166.838,57.6606,1
159.719,78.9747,1
163.106,34.3043,1
163.994,61.9856,1
167.518,69.6918,1
156.754,56.6837,1
163.712,70.8996,1
160.606,56.6006,1
161.477,69.5907,1
157.476,70.6619,1
159.78,89.8923,1
161.852,53.5744,1
165.579,74.2353,1
161.697,72.6336,1
166.278,101.729,1
165.506,39.3448,1
157.221,44.1024,1
168.724,72.9859,1
164.636,66.3759,1
159.559,68.0603,1
164.931,73.6074,1
152.414,57.776,1
166.615,125.711,1
172.316,58.2169,1
161.193,74.2223,1
162.571,63.6303,1
163.693,80.5847,1
168.319,74.7283,1
167.363,67.1884,1
160.55,62.0796,1
169.514,82.3883,1
163.636,77.0791,1
152.843,37.1267,1
163.163,81.412,1
161.34,54.2958,1
161.174,82.3312,1
172.128,122.268,1
154.528,94.4062,1
164.251,66.5394,1
151.392,79.8559,1
157.998,76.3826,1
170.281,44.4434,1
157.743,92.8837,1
170.771,99.324,1
162.452,63.9246,1
164.354,73.0043,1
153.757,59.4685,1
158.222,86.3108,1
161.814,44.3812,1
169.237,70.9255,1
173.578,75.2672,1
160.388,47.2788,1
163.825,42.3078,1
156.685,85.9096,1
162.976,73.7252,1
149.165,37.4199,1
173.192,96.0216,1
163.304,57.0256,1
166.389,70.2332,1
155.972,66.7,1
157.179,70.657,1
167.096,75.0452,1
159.288,76.1187,1
164.331,84.8889,1
161.259,65.4988,1
166.483,64.1244,1
157.676,97.9149,1
166.455,77.135,1
168.472,58.3655,1
167.646,46.5221,1
155.519,76.0562,1
169.942,100.875,1
162.687,80.3947,1
166.007,56.5877,1
156.038,51.0471,1
163.085,103.372,1
167.34,106.422,1
163.583,68.519,1
171.556,84.0908,1
157.597,96.2822,1
166.774,80.5232,1
155.174,89.4394,1
173.69,96.1926,1
155.705,98.7106,1
156.702,77.1555,1
152.966,71.3163,1
173.192,55.0825,1
172.458,69.7898,1
161.951,79.2564,1
160.494,62.4296,1
159.988,49.3706,1
157.701,55.2292,1
157.139,34.4339,1
172.895,80.1211,1
167.231,110.734,1
153.556,86.3559,1
161.134,72.4156,1
159.737,93.1267,1
154.77,57.2465,1
167.039,90.5867,1
166.883,76.484,1
167.966,112.382,1
155.471,61.0856,1
165.079,77.3169,1
152.467,57.5271,1
154.851,53.5154,1
165.457,48.8222,1
157.003,74.7358,1
162.286,68.6484,1
159.594,89.2815,1
168.986,77.5935,1
174.571,77.0763,1
167.426,59.6389,1
158.73,66.0406,1
164.239,71.3741,1
156.859,51.1605,1
162.906,78.4244,1
175.811,58.8811,1
154.045,89.3552,1
171.943,100.202,1
167.718,91.3443,1
170.046,86.4884,1
161.535,56.3182,1
170.499,108.492,1
165.029,62.6041,1
167.982,72.1138,1
169.042,97.8931,1
158.234,121.254,1
161.073,61.1451,1
158.622,67.9051,1
154.866,78.2399,1
164.951,66.052,1
168.257,100.098,1
167.013,77.3312,1
155.791,49.2038,1
167.443,70.967,1
160.851,90.9059,1
158.984,26.8869,1
155,87.4229,1
150.226,85.0867,1
157.732,80.0621,1
166.287,107.352,1
166.461,75.8074,1
156.39,63.3445,1
162.429,67.7821,1
166.26,61.5001,1
165.658,48.9531,1
156.2,49.8337,1
163.469,114.525,1
170.317,83.4525,1
151.465,70.7844,1
167.751,86.2407,1
170.863,49.4897,1
166.748,96.8615,1
158.457,72.8357,1
159.577,49.2549,1
159.086,63.9604,1
168.666,85.5122,1
167.167,98.3057,1
166.994,73.8709,1
164.006,58.5818,1
165.784,95.7993,1
165.448,84.4388,1
161.988,56.96,1
161.521,60.7551,1
163.067,95.2787,1
170.803,59.6086,1
167.841,84.8357,1
164.403,94.1554,1
156.145,48.5172,1
163.191,63.5487,1
164.009,76.6813,1
147.307,53.3774,1
158.56,64.0456,1
164.555,92.4701,1
168.197,73.0594,1
165.018,74.7757,1
161.57,57.6204,1
168.351,85.5259,1
166.525,60.8958,1
164.768,81.4285,1
169.544,86.0619,1
155.525,68.1376,1
158.219,64.019,1
165.919,108.224,1
163.153,89.1172,1
165.045,105.686,1
167.297,77.5174,1
167.715,106.846,1
163.079,75.3586,1
166.904,85.4423,1
169.949,66.1814,1
150.645,71.8156,1
163.118,78.7802,1
157.923,61.899,1
166.451,87.3831,1
166.298,55.7734,1
168.705,93.1147,1
161.479,56.2802,1
160.271,51.7436,1
169.244,93.5128,1
168.524,55.3309,1
168.824,88.2285,1
164.025,70.9488,1
162.273,69.3368,1
161.692,85.2123,1
158.895,74.3448,1
161.028,82.6646,1
169.698,61.806,1
158.865,60.541,1
164.827,88.2544,1
154.411,37.5179,1
164.136,87.5144,1
176.235,109.167,1
164.579,89.0912,1
155.007,64.4669,1
171.213,117.49,1
166.863,64.4598,1
169.283,94.5572,1
169.31,76.1303,1
160.31,63.4138,1
159.154,46.9194,1
159.221,79.5571,1
165.177,89.6281,1
163.431,71.8367,1
155.136,120.524,1
160.685,93.7906,1
164.126,75.6233,1
150.364,76.6194,1
164.911,99.467,1
159.649,70.9424,1
177.668,86.8436,1
167.793,71.3635,1
176.324,99.9607,1
157.873,58.8075,1
154.629,69.8258,1
160.034,61.0304,1
172.327,65.2407,1
167.496,58.9631,1
166.042,101.687,1
152.519,39.8282,1
163.774,49.8336,1
163.807,97.8967,1
165.709,79.5312,1
160.706,69.9015,1
159.809,47.6906,1
162.495,71.5621,1
162.38,61.2164,1
159.853,76.6665,1
167.039,93.4702,1
167.936,65.3078,1
153.899,83.4294,1
167.877,69.8019,1
158.709,41.7681,1
161.277,86.6836,1
162.897,100.311,1
155.404,83.0894,1
158.481,91.1099,1
155.348,73.6202,1
161.212,49.8724,1
159.807,74.4418,1
159.068,96.9695,1
153.245,62.9837,1
158.986,68.261,1
156.893,90.7976,1
163.25,51.3764,1
164.932,45.2599,1
163.826,73.9522,1
162.07,81.1244,1
171.33,67.0824,1
155.007,67.3789,1
170.438,78.8377,1
170.693,89.5153,1
180.683,128.521,1
157.315,67.1321,1
162.417,81.9618,1
157.17,74.414,1
155.435,63.8031,1
162.917,93.7033,1
174.635,64.963,1
149.315,36.6278,1
167.089,86.8405,1
162.522,61.0882,1
171.255,92.7854,1
155.786,61.1131,1
168.913,78.5494,1
152.632,41.2997,1
158.85,75.4039,1
152.459,81.9553,1
158.618,49.0931,1
164.949,94.4707,1
164.196,79.9041,1
165.272,83.1121,1
160.556,79.8245,1
161.298,69.2256,1
168.59,107.316,1
164.49,85.6306,1
177.375,93.2503,1
168.174,85.3862,1
153.174,76.5289,1
166.991,104.274,1
165.428,63.5934,1
166.379,89.1736,1
158.112,37.1082,1
157.244,89.3132,1
158.113,59.9134,1
166.953,87.389,1
162.213,71.616,1
172.663,105.857,1
163.551,67.568,1
163.701,71.6517,1
167.883,50.0336,1
162.705,97.3742,1
169.463,60.0194,1
159.604,104.007,1
160.338,83.0709,1
163.641,39.7584,1
166.75,69.2724,1
172.91,89.4195,1
162.476,46.0366,1
161.104,87.7018,1
155.895,82.1372,1
158.457,60.5724,1
158.727,65.7559,1
160.735,92.8384,1
164.368,66.3068,1
155.903,65.4835,1
174.584,69.1284,1
164.48,82.5322,1
163.79,76.2173,1
152.16,50.543,1
160.81,73.5412,1
160.895,87.4331,1
161.46,75.6085,1
154.913,92.0416,1
163.923,92.0723,1
161.643,78.3139,1
161.964,74.407,1
167.345,34.5993,1
165.102,57.0604,1
160.334,60.0209,1
155.635,64.2733,1
166.377,51.1893,1
164.819,86.4886,1
171.475,92.3467,1
158.982,98.4104,1
159.94,60.8044,1
157.736,57.9739,1
165.894,93.6242,1
151.54,59.0425,1
174.539,95.2301,1
161.335,91.6822,1
153.27,46.6378,1
166.218,56.9297,1
165.363,53.9246,1
164.996,60.4353,1
163.878,95.9026,1
161.93,87.848,1
157.806,55.8141,1
167.971,89.1834,1
153.624,49.4294,1
167.299,54.788,1
161.273,56.1045,1
173.274,106.323,1
159.457,76.6184,1
157.944,82.1102,1
158.912,82.5089,1
161.582,63.6432,1
161.518,61.3235,1
159.052,85.7255,1
165.838,70.5142,1
162.918,71.0474,1
163.257,68.4596,1
168.535,51.4056,1
161.161,58.6206,1
164.665,78.8912,1
161.174,75.0103,1
173.643,96.9374,1
160.755,80.2013,1
160.417,78.9425,1
160.109,73.8736,1
164.467,105.78,1
162.316,52.2908,1
165.037,70.0325,1
173.154,65.594,1
161.534,61.5878,1
166.147,89.9165,1
168.173,76.1981,1
165.105,57.7867,1
160.029,66.7812,1
161.294,72.2488,1
166.111,69.1143,1
161.398,68.4902,1
165.458,86.3679,1
176.444,120.526,1
164.174,84.6058,1
165.328,66.7302,1
161.478,58.0266,1
173.072,68.813,1
163.088,72.5859,1
161.393,59.5959,1
161.349,80.592,1
162.09,84.395,1
156.477,110.448,1
160.595,85.1151,1
165.08,77.5374,1
169.759,61.0672,1
165.647,93.8293,1
164.629,64.062,1
160.407,52.5755,1
162.414,40.4775,1
163.836,95.4591,1
